4
6
8
10
12
14
16
18
20
22
24
26
28
30
32
34
36
38
40
42
44
46
48
50
52
54
56
58
60
62
64
66
68
70
72
74
76
78
80
82
84
86
88
90
92
94
96
98
100
102
104
106
108
110
112
114
116
118
120
122
124
126
128
130
132
134
136
138
140
142
144
146
148
150
152
154
156
158
160
162
164
166
168
170
172
174
176
178
180
182
184
186
188
190
192
194
196
198
200
202
204
206
208
210
212
214
216
218
220
222
224
226
228
230
232
234
236
238
240
242
244
246
248
250
252
254
256
258
260
262
264
266
268
270
272
274
276
278
280
282
284
286
288
290
292
294
296
298
300
302
304
306
308
310
312
314
316
318
320
322
324
326
328
330
332
334
336
338
340
342
344
346
348
350
352
354
356
358
360
362
364
366
368
370
372
374
376
378
380
382
384
386
388
390
392
394
396
398
400
402
404
406
408
410
412
414
416
418
420
422
424
426
428
430
432
434
436
438
440
442
444
446
448
450
452
454
456
458
460
462
464
466
468
470
472
474
476
478
480
482
484
486
488
490
492
494
496
498
500
502
504
506
508
510
512
514
516
518
520
522
524
526
528
530
532
534
536
538
540
542
544
546
548
550
552
554
556
558
560
562
564
566
568
570
572
574
576
578
580
582
584
586
588
590
592
594
596
598
600
602
604
606
608
610
612
614
616
618
620
622
624
626
628
630
632
634
636
638
640
642
644
646
648
650
652
654
656
658
660
662
664
666
668
670
672
674
676
678
680
682
684
686
688
690
692
694
696
698
700
702
704
706
708
710
712
714
716
718
720
722
724
726
728
730
732
734
736
738
740
742
744
746
748
750
752
754
756
758
760
762
764
766
768
770
772
774
776
778
780
782
784
786
788
790
792
794
796
798
800
802
804
806
808
810
812
814
816
818
820
822
824
826
828
830
832
834
836
838
840
842
844
846
848
850
852
854
856
858
860
862
864
866
868
870
872
874
876
878
880
882
884
886
888
890
892
894
896
898
900
902
904
906
908
910
912
914
916
918
920
922
924
926
928
930
932
934
936
938
940
942
944
946
948
950
952
954
956
958
960
962
964
966
968
970
972
974
976
978
980
982
984
986
988
990
992
994
996
998
1000
1002
1004
1006
1008
1010
1012
1014
1016
1018
1020
1022
1024
1026
1028
1030
1032
1034
1036
1038
1040
1042
1044
1046
1048
1050
1052
1054
1056
1058
1060
1062
1064
1066
1068
1070
1072
1074
1076
1078
1080
1082
1084
1086
1088
1090
1092
1094
1096
1098
1100
1102
1104
1106
1108
1110
1112
1114
1116
1118
1120
1122
1124
1126
1128
1130
1132
1134
1136
1138
1140
1142
1144
1146
1148
1150
1152
1154
1156
1158
1160
1162
1164
1166
1168
1170
1172
1174
1176
1178
1180
1182
1184
1186
1188
1190
1192
1194
1196
1198
1200
1202
1204
1206
1208
1210
1212
1214
1216
1218
1220
1222
1224
1226
1228
1230
1232
1234
1236
1238
1240
1242
1244
1246
1248
1250
1252
1254
1256
1258
1260
1262
1264
1266
1268
1270
1272
1274
1276
1278
1280
1282
1284
1286
1288
1290
1292
1294
1296
1298
1300
1302
1304
1306
1308
1310
1312
1314
1316
1318
1320
1322
1324
1326
1328
1330
1332
1334
1336
1338
1340
1342
1344
1346
1348
1350
1352
1354
1356
1358
1360
1362
1364
1366
1368
1370
1372
1374
1376
1378
1380
1382
1384
1386
1388
1390
1392
1394
1396
1398
1400
1402
1404
1406
1408
1410
1412
1414
1416
1418
1420
1422
1424
1426
1428
1430
1432
1434
1436
1438
1440
1442
1444
1446
1448
1450
1452
1454
1456
1458
1460
1462
1464
1466
1468
1470
1472
1474
1476
1478
1480
1482
1484
1486
1488
1490
1492
1494
1496
1498
1500
1502
1504
1506
1508
1510
1512
1514
1516
1518
1520
1522
1524
1526
1528
1530
1532
1534
1536
1538
1540
1542
1544
1546
1548
1550
1552
1554
1556
1558
1560
1562
1564
1566
1568
1570
1572
1574
1576
1578
1580
1582
1584
1586
1588
1590
1592
1594
1596
1598
1600
1602
1604
1606
1608
1610
1612
1614
1616
1618
1620
1622
1624
1626
1628
1630
1632
1634
1636
1638
1640
1642
1644
1646
1648
1650
1652
1654
1656
1658
1660
1662
1664
1666
1668
1670
1672
1674
1676
1678
1680
1682
1684
1686
1688
1690
1692
1694
1696
1698
1700
1702
1704
1706
1708
1710
1712
1714
1716
1718
1720
1722
1724
1726
1728
1730
1732
1734
1736
1738
1740
1742
1744
1746
1748
1750
1752
1754
1756
1758
1760
1762
1764
1766
1768
1770
1772
1774
1776
1778
1780
1782
1784
1786
1788
1790
1792
1794
1796
1798
1800
1802
1804
1806
1808
1810
1812
1814
1816
1818
1820
1822
1824
1826
1828
1830
1832
1834
1836
1838
1840
1842
1844
1846
1848
1850
1852
1854
1856
1858
1860
1862
1864
1866
1868
1870
1872
1874
1876
1878
1880
1882
1884
1886
1888
1890
1892
1894
1896
1898
1900
1902
1904
1906
1908
1910
1912
1914
1916
1918
1920
1922
1924
1926
1928
1930
1932
1934
1936
1938
1940
1942
1944
1946
1948
1950
1952
1954
1956
1958
1960
1962
1964
1966
1968
1970
1972
1974
1976
1978
1980
1982
1984
1986
1988
1990
1992
1994
1996
1998
2000
2002
2004
2006
2008
2010
2012
2014
2016
2018
2020
2022
2024
2026
2028
2030
2032
2034
2036
2038
2040
2042
2044
2046
2048
2050
2052
2054
2056
2058
2060
2062
2064
2066
2068
2070
2072
2074
2076
2078
2080
2082
2084
2086
2088
2090
2092
2094
2096
2098
2100
2102
2104
2106
2108
2110
2112
2114
2116
2118
2120
2122
2124
2126
2128
2130
2132
2134
2136
2138
2140
2142
2144
2146
2148
2150
2152
2154
2156
2158
2160
2162
2164
2166
2168
2170
2172
2174
2176
2178
2180
2182
2184
2186
2188
2190
2192
2194
2196
2198
2200
2202
2204
2206
2208
2210
2212
2214
2216
2218
2220
2222
2224
2226
2228
2230
2232
2234
2236
2238
2240
2242
2244
2246
2248
2250
2252
2254
2256
2258
2260
2262
2264
2266
2268
2270
2272
2274
2276
2278
2280
2282
2284
2286
2288
2290
2292
2294
2296
2298
2300
2302
2304
2306
2308
2310
2312
2314
2316
2318
2320
2322
2324
2326
2328
2330
2332
2334
2336
2338
2340
2342
2344
2346
2348
2350
2352
2354
2356
2358
2360
2362
2364
2366
2368
2370
2372
2374
2376
2378
2380
2382
2384
2386
2388
2390
2392
2394
2396
2398
2400
2402
2404
2406
2408
2410
2412
2414
2416
2418
2420
2422
2424
2426
2428
2430
2432
2434
2436
2438
2440
2442
2444
2446
2448
2450
2452
2454
2456
2458
2460
2462
2464
2466
2468
2470
2472
2474
2476
2478
2480
2482
2484
2486
2488
2490
2492
2494
2496
2498
2500
2502
2504
2506
2508
2510
2512
2514
2516
2518
2520
2522
2524
2526
2528
2530
2532
2534
2536
2538
2540
2542
2544
2546
2548
2550
2552
2554
2556
2558
2560
2562
2564
2566
2568
2570
2572
2574
2576
2578
2580
2582
2584
2586
2588
2590
2592
2594
2596
2598
2600
2602
2604
2606
2608
2610
2612
2614
2616
2618
2620
2622
2624
2626
2628
2630
2632
2634
2636
2638
2640
2642
2644
2646
2648
2650
2652
2654
2656
2658
2660
2662
2664
2666
2668
2670
2672
2674
2676
2678
2680
2682
2684
2686
2688
2690
2692
2694
2696
2698
2700
2702
2704
2706
2708
2710
2712
2714
2716
2718
2720
2722
2724
2726
2728
2730
2732
2734
2736
2738
2740
2742
2744
2746
2748
2750
2752
2754
2756
2758
2760
2762
2764
2766
2768
2770
2772
2774
2776
2778
2780
2782
2784
2786
2788
2790
2792
2794
2796
2798
2800
2802
2804
2806
2808
2810
2812
2814
2816
2818
2820
2822
2824
2826
2828
2830
2832
2834
2836
2838
2840
2842
2844
2846
2848
2850
2852
2854
2856
2858
2860
2862
2864
2866
2868
2870
2872
2874
2876
2878
2880
2882
2884
2886
2888
2890
2892
2894
2896
2898
2900
2902
2904
2906
2908
2910
2912
2914
2916
2918
2920
2922
2924
2926
2928
2930
2932
2934
2936
2938
2940
2942
2944
2946
2948
2950
2952
2954
2956
2958
2960
2962
2964
2966
2968
2970
2972
2974
2976
2978
2980
2982
2984
2986
2988
2990
2992
2994
2996
2998
3000
3002
3004
3006
3008
3010
3012
3014
3016
3018
3020
3022
3024
3026
3028
3030
3032
3034
3036
3038
3040
3042
3044
3046
3048
3050
3052
3054
3056
3058
3060
3062
3064
3066
3068
3070
3072
3074
3076
3078
3080
3082
3084
3086
3088
3090
3092
3094
3096
3098
3100
3102
3104
3106
3108
3110
3112
3114
3116
3118
3120
3122
3124
3126
3128
3130
3132
3134
3136
3138
3140
3142
3144
3146
3148
3150
3152
3154
3156
3158
3160
3162
3164
3166
3168
3170
3172
3174
3176
3178
3180
3182
3184
3186
3188
3190
3192
3194
3196
3198
3200
3202
3204
3206
3208
3210
3212
3214
3216
3218
3220
3222
3224
3226
3228
3230
3232
3234
3236
3238
3240
3242
3244
3246
3248
3250
3252
3254
3256
3258
3260
3262
3264
3266
3268
3270
3272
3274
3276
3278
3280
3282
3284
3286
3288
3290
3292
3294
3296
3298
3300
3302
3304
3306
3308
3310
3312
3314
3316
3318
3320
3322
3324
3326
3328
3330
3332
3334
3336
3338
3340
3342
3344
3346
3348
3350
3352
3354
3356
3358
3360
3362
3364
3366
3368
3370
3372
3374
3376
3378
3380
3382
3384
3386
3388
3390
3392
3394
3396
3398
3400
3402
3404
3406
3408
3410
3412
3414
3416
3418
3420
3422
3424
3426
3428
3430
3432
3434
3436
3438
3440
3442
3444
3446
3448
3450
3452
3454
3456
3458
3460
3462
3464
3466
3468
3470
3472
3474
3476
3478
3480
3482
3484
3486
3488
3490
3492
3494
3496
3498
3500
3502
3504
3506
3508
3510
3512
3514
3516
3518
3520
3522
3524
3526
3528
3530
3532
3534
3536
3538
3540
3542
3544
3546
3548
3550
3552
3554
3556
3558
3560
3562
3564
3566
3568
3570
3572
3574
3576
3578
3580
3582
3584
3586
3588
3590
3592
3594
3596
3598
3600
3602
3604
3606
3608
3610
3612
3614
3616
3618
3620
3622
3624
3626
3628
3630
3632
3634
3636
3638
3640
3642
3644
3646
3648
3650
3652
3654
3656
3658
3660
3662
3664
3666
3668
3670
3672
3674
3676
3678
3680
3682
3684
3686
3688
3690
3692
3694
3696
3698
3700
3702
3704
3706
3708
3710
3712
3714
3716
3718
3720
3722
3724
3726
3728
3730
3732
3734
3736
3738
3740
3742
3744
3746
3748
3750
3752
3754
3756
3758
3760
3762
3764
3766
3768
3770
3772
3774
3776
3778
3780
3782
3784
3786
3788
3790
3792
3794
3796
3798
3800
3802
3804
3806
3808
3810
3812
3814
3816
3818
3820
3822
3824
3826
3828
3830
3832
3834
3836
3838
3840
3842
3844
3846
3848
3850
3852
3854
3856
3858
3860
3862
3864
3866
3868
3870
3872
3874
3876
3878
3880
3882
3884
3886
3888
3890
3892
3894
3896
3898
3900
3902
3904
3906
3908
3910
3912
3914
3916
3918
3920
3922
3924
3926
3928
3930
3932
3934
3936
3938
3940
3942
3944
3946
3948
3950
3952
3954
3956
3958
3960
3962
3964
3966
3968
3970
3972
3974
3976
3978
3980
3982
3984
3986
3988
3990
3992
3994
3996
3998
4000
4002
4004
4006
4008
4010
4012
4014
4016
4018
4020
4022
4024
4026
4028
4030
4032
4034
4036
4038
4040
4042
4044
4046
4048
4050
4052
4054
4056
4058
4060
4062
4064
4066
4068
4070
4072
4074
4076
4078
4080
4082
4084
4086
4088
4090
4092
4094
4096
4098
4100
4102
4104
4106
4108
4110
4112
4114
4116
4118
4120
4122
4124
4126
4128
4130
4132
4134
4136
4138
4140
4142
4144
4146
4148
4150
4152
4154
4156
4158
4160
4162
4164
4166
4168
4170
4172
4174
4176
4178
4180
4182
4184
4186
4188
4190
4192
4194
4196
4198
4200
4202
4204
4206
4208
4210
4212
4214
4216
4218
4220
4222
4224
4226
4228
4230
4232
4234
4236
4238
4240
4242
4244
4246
4248
4250
4252
4254
4256
4258
4260
4262
4264
4266
4268
4270
4272
4274
4276
4278
4280
4282
4284
4286
4288
4290
4292
4294
4296
4298
4300
4302
4304
4306
4308
4310
4312
4314
4316
4318
4320
4322
4324
4326
4328
4330
4332
4334
4336
4338
4340
4342
4344
4346
4348
4350
4352
4354
4356
4358
4360
4362
4364
4366
4368
4370
4372
4374
4376
4378
4380
4382
4384
4386
4388
4390
4392
4394
4396
4398
4400
4402
4404
4406
4408
4410
4412
4414
4416
4418
4420
4422
4424
4426
4428
4430
4432
4434
4436
4438
4440
4442
4444
4446
4448
4450
4452
4454
4456
4458
4460
4462
4464
4466
4468
4470
4472
4474
4476
4478
4480
4482
4484
4486
4488
4490
4492
4494
4496
4498
4500
4502
4504
4506
4508
4510
4512
4514
4516
4518
4520
4522
4524
4526
4528
4530
4532
4534
4536
4538
4540
4542
4544
4546
4548
4550
4552
4554
4556
4558
4560
4562
4564
4566
4568
4570
4572
4574
4576
4578
4580
4582
4584
4586
4588
4590
4592
4594
4596
4598
4600
4602
4604
4606
4608
4610
4612
4614
4616
4618
4620
4622
4624
4626
4628
4630
4632
4634
4636
4638
4640
4642
4644
4646
4648
4650
4652
4654
4656
4658
4660
4662
4664
4666
4668
4670
4672
4674
4676
4678
4680
4682
4684
4686
4688
4690
4692
4694
4696
4698
4700
4702
4704
4706
4708
4710
4712
4714
4716
4718
4720
4722
4724
4726
4728
4730
4732
4734
4736
4738
4740
4742
4744
4746
4748
4750
4752
4754
4756
4758
4760
4762
4764
4766
4768
4770
4772
4774
4776
4778
4780
4782
4784
4786
4788
4790
4792
4794
4796
4798
4800
4802
4804
4806
4808
4810
4812
4814
4816
4818
4820
4822
4824
4826
4828
4830
4832
4834
4836
4838
4840
4842
4844
4846
4848
4850
4852
4854
4856
4858
4860
4862
4864
4866
4868
4870
4872
4874
4876
4878
4880
4882
4884
4886
4888
4890
4892
4894
4896
4898
4900
4902
4904
4906
4908
4910
4912
4914
4916
4918
4920
4922
4924
4926
4928
4930
4932
4934
4936
4938
4940
4942
4944
4946
4948
4950
4952
4954
4956
4958
4960
4962
4964
4966
4968
4970
4972
4974
4976
4978
4980
4982
4984
4986
4988
4990
4992
4994
4996
4998
5000
5002
5004
5006
5008
5010
5012
5014
5016
5018
5020
5022
5024
5026
5028
5030
5032
5034
5036
5038
5040
5042
5044
5046
5048
5050
5052
5054
5056
5058
5060
5062
5064
5066
5068
5070
5072
5074
5076
5078
5080
5082
5084
5086
5088
5090
5092
5094
5096
5098
5100
5102
5104
5106
5108
5110
5112
5114
5116
5118
5120
5122
5124
5126
5128
5130
5132
5134
5136
5138
5140
5142
5144
5146
5148
5150
5152
5154
5156
5158
5160
5162
5164
5166
5168
5170
5172
5174
5176
5178
5180
5182
5184
5186
5188
5190
5192
5194
5196
5198
5200
5202
5204
5206
5208
5210
5212
5214
5216
5218
5220
5222
5224
5226
5228
5230
5232
5234
5236
5238
5240
5242
5244
5246
5248
5250
5252
5254
5256
5258
5260
5262
5264
5266
5268
5270
5272
5274
5276
5278
5280
5282
5284
5286
5288
5290
5292
5294
5296
5298
5300
5302
5304
5306
5308
5310
5312
5314
5316
5318
5320
5322
5324
5326
5328
5330
5332
5334
5336
5338
5340
5342
5344
5346
5348
5350
5352
5354
5356
5358
5360
5362
5364
5366
5368
5370
5372
5374
5376
5378
5380
5382
5384
5386
5388
5390
5392
5394
5396
5398
5400
5402
5404
5406
5408
5410
5412
5414
5416
5418
5420
5422
5424
5426
5428
5430
5432
5434
5436
5438
5440
5442
5444
5446
5448
5450
5452
5454
5456
5458
5460
5462
5464
5466
5468
5470
5472
5474
5476
5478
5480
5482
5484
5486
5488
5490
5492
5494
5496
5498
5500
5502
5504
5506
5508
5510
5512
5514
5516
5518
5520
5522
5524
5526
5528
5530
5532
5534
5536
5538
5540
5542
5544
5546
5548
5550
5552
5554
5556
5558
5560
5562
5564
5566
5568
5570
5572
5574
5576
5578
5580
5582
5584
5586
5588
5590
5592
5594
5596
5598
5600
5602
5604
5606
5608
5610
5612
5614
5616
5618
5620
5622
5624
5626
5628
5630
5632
5634
5636
5638
5640
5642
5644
5646
5648
5650
5652
5654
5656
5658
5660
5662
5664
5666
5668
5670
5672
5674
5676
5678
5680
5682
5684
5686
5688
5690
5692
5694
5696
5698
5700
5702
5704
5706
5708
5710
5712
5714
5716
5718
5720
5722
5724
5726
5728
5730
5732
5734
5736
5738
5740
5742
5744
5746
5748
5750
5752
5754
5756
5758
5760
5762
5764
5766
5768
5770
5772
5774
5776
5778
5780
5782
5784
5786
5788
5790
5792
5794
5796
5798
5800
5802
5804
5806
5808
5810
5812
5814
5816
5818
5820
5822
5824
5826
5828
5830
5832
5834
5836
5838
5840
5842
5844
5846
5848
5850
5852
5854
5856
5858
5860
5862
5864
5866
5868
5870
5872
5874
5876
5878
5880
5882
5884
5886
5888
5890
5892
5894
5896
5898
5900
5902
5904
5906
5908
5910
5912
5914
5916
5918
5920
5922
5924
5926
5928
5930
5932
5934
5936
5938
5940
5942
5944
5946
5948
5950
5952
5954
5956
5958
5960
5962
5964
5966
5968
5970
5972
5974
5976
5978
5980
5982
5984
5986
5988
5990
5992
5994
5996
5998
6000
6002
6004
6006
6008
6010
6012
6014
6016
6018
6020
6022
6024
6026
6028
6030
6032
6034
6036
6038
6040
6042
6044
6046
6048
6050
6052
6054
6056
6058
6060
6062
6064
6066
6068
6070
6072
6074
6076
6078
6080
6082
6084
6086
6088
6090
6092
6094
6096
6098
6100
6102
6104
6106
6108
6110
6112
6114
6116
6118
6120
6122
6124
6126
6128
6130
6132
6134
6136
6138
6140
6142
6144
6146
6148
6150
6152
6154
6156
6158
6160
6162
6164
6166
6168
6170
6172
6174
6176
6178
6180
6182
6184
6186
6188
6190
6192
6194
6196
6198
6200
6202
6204
6206
6208
6210
6212
6214
6216
6218
6220
6222
6224
6226
6228
6230
6232
6234
6236
6238
6240
6242
6244
6246
6248
6250
6252
6254
6256
6258
6260
6262
6264
6266
6268
6270
6272
6274
6276
6278
6280
6282
6284
6286
6288
6290
6292
6294
6296
6298
6300
6302
6304
6306
6308
6310
6312
6314
6316
6318
6320
6322
6324
6326
6328
6330
6332
6334
6336
6338
6340
6342
6344
6346
6348
6350
6352
6354
6356
6358
6360
6362
6364
6366
6368
6370
6372
6374
6376
6378
6380
6382
6384
6386
6388
6390
6392
6394
6396
6398
6400
6402
6404
6406
6408
6410
6412
6414
6416
6418
6420
6422
6424
6426
6428
6430
6432
6434
6436
6438
6440
6442
6444
6446
6448
6450
6452
6454
6456
6458
6460
6462
6464
6466
6468
6470
6472
6474
6476
6478
6480
6482
6484
6486
6488
6490
6492
6494
6496
6498
6500
6502
6504
6506
6508
6510
6512
6514
6516
6518
6520
6522
6524
6526
6528
6530
6532
6534
6536
6538
6540
6542
6544
6546
6548
6550
6552
6554
6556
6558
6560
6562
6564
6566
6568
6570
6572
6574
6576
6578
6580
6582
6584
6586
6588
6590
6592
6594
6596
6598
6600
6602
6604
6606
6608
6610
6612
6614
6616
6618
6620
6622
6624
6626
6628
6630
6632
6634
6636
6638
6640
6642
6644
6646
6648
6650
6652
6654
6656
6658
6660
6662
6664
6666
6668
6670
6672
6674
6676
6678
6680
6682
6684
6686
6688
6690
6692
6694
6696
6698
6700
6702
6704
6706
6708
6710
6712
6714
6716
6718
6720
6722
6724
6726
6728
6730
6732
6734
6736
6738
6740
6742
6744
6746
6748
6750
6752
6754
6756
6758
6760
6762
6764
6766
6768
6770
6772
6774
6776
6778
6780
6782
6784
6786
6788
6790
6792
6794
6796
6798
6800
6802
6804
6806
6808
6810
6812
6814
6816
6818
6820
6822
6824
6826
6828
6830
6832
6834
6836
6838
6840
6842
6844
6846
6848
6850
6852
6854
6856
6858
6860
6862
6864
6866
6868
6870
6872
6874
6876
6878
6880
6882
6884
6886
6888
6890
6892
6894
6896
6898
6900
6902
6904
6906
6908
6910
6912
6914
6916
6918
6920
6922
6924
6926
6928
6930
6932
6934
6936
6938
6940
6942
6944
6946
6948
6950
6952
6954
6956
6958
6960
6962
6964
6966
6968
6970
6972
6974
6976
6978
6980
6982
6984
6986
6988
6990
6992
6994
6996
6998
7000
7002
7004
7006
7008
7010
7012
7014
7016
7018
7020
7022
7024
7026
7028
7030
7032
7034
7036
7038
7040
7042
7044
7046
7048
7050
7052
7054
7056
7058
7060
7062
7064
7066
7068
7070
7072
7074
7076
7078
7080
7082
7084
7086
7088
7090
7092
7094
7096
7098
7100
7102
7104
7106
7108
7110
7112
7114
7116
7118
7120
7122
7124
7126
7128
7130
7132
7134
7136
7138
7140
7142
7144
7146
7148
7150
7152
7154
7156
7158
7160
7162
7164
7166
7168
7170
7172
7174
7176
7178
7180
7182
7184
7186
7188
7190
7192
7194
7196
7198
7200
7202
7204
7206
7208
7210
7212
7214
7216
7218
7220
7222
7224
7226
7228
7230
7232
7234
7236
7238
7240
7242
7244
7246
7248
7250
7252
7254
7256
7258
7260
7262
7264
7266
7268
7270
7272
7274
7276
7278
7280
7282
7284
7286
7288
7290
7292
7294
7296
7298
7300
7302
7304
7306
7308
7310
7312
7314
7316
7318
7320
7322
7324
7326
7328
7330
7332
7334
7336
7338
7340
7342
7344
7346
7348
7350
7352
7354
7356
7358
7360
7362
7364
7366
7368
7370
7372
7374
7376
7378
7380
7382
7384
7386
7388
7390
7392
7394
7396
7398
7400
7402
7404
7406
7408
7410
7412
7414
7416
7418
7420
7422
7424
7426
7428
7430
7432
7434
7436
7438
7440
7442
7444
7446
7448
7450
7452
7454
7456
7458
7460
7462
7464
7466
7468
7470
7472
7474
7476
7478
7480
7482
7484
7486
7488
7490
7492
7494
7496
7498
7500
7502
7504
7506
7508
7510
7512
7514
7516
7518
7520
7522
7524
7526
7528
7530
7532
7534
7536
7538
7540
7542
7544
7546
7548
7550
7552
7554
7556
7558
7560
7562
7564
7566
7568
7570
7572
7574
7576
7578
7580
7582
7584
7586
7588
7590
7592
7594
7596
7598
7600
7602
7604
7606
7608
7610
7612
7614
7616
7618
7620
7622
7624
7626
7628
7630
7632
7634
7636
7638
7640
7642
7644
7646
7648
7650
7652
7654
7656
7658
7660
7662
7664
7666
7668
7670
7672
7674
7676
7678
7680
7682
7684
7686
7688
7690
7692
7694
7696
7698
7700
7702
7704
7706
7708
7710
7712
7714
7716
7718
7720
7722
7724
7726
7728
7730
7732
7734
7736
7738
7740
7742
7744
7746
7748
7750
7752
7754
7756
7758
7760
7762
7764
7766
7768
7770
7772
7774
7776
7778
7780
7782
7784
7786
7788
7790
7792
7794
7796
7798
7800
7802
7804
7806
7808
7810
7812
7814
7816
7818
7820
7822
7824
7826
7828
7830
7832
7834
7836
7838
7840
7842
7844
7846
7848
7850
7852
7854
7856
7858
7860
7862
7864
7866
7868
7870
7872
7874
7876
7878
7880
7882
7884
7886
7888
7890
7892
7894
7896
7898
7900
7902
7904
7906
7908
7910
7912
7914
7916
7918
7920
7922
7924
7926
7928
7930
7932
7934
7936
7938
7940
7942
7944
7946
7948
7950
7952
7954
7956
7958
7960
7962
7964
7966
7968
7970
7972
7974
7976
7978
7980
7982
7984
7986
7988
7990
7992
7994
7996
7998
8000
8002
8004
8006
8008
8010
8012
8014
8016
8018
8020
8022
8024
8026
8028
8030
8032
8034
8036
8038
8040
8042
8044
8046
8048
8050
8052
8054
8056
8058
8060
8062
8064
8066
8068
8070
8072
8074
8076
8078
8080
8082
8084
8086
8088
8090
8092
8094
8096
8098
8100
8102
8104
8106
8108
8110
8112
8114
8116
8118
8120
8122
8124
8126
8128
8130
8132
8134
8136
8138
8140
8142
8144
8146
8148
8150
8152
8154
8156
8158
8160
8162
8164
8166
8168
8170
8172
8174
8176
8178
8180
8182
8184
8186
8188
8190
8192
8194
8196
8198
8200
8202
8204
8206
8208
8210
8212
8214
8216
8218
8220
8222
8224
8226
8228
8230
8232
8234
8236
8238
8240
8242
8244
8246
8248
8250
8252
8254
8256
8258
8260
8262
8264
8266
8268
8270
8272
8274
8276
8278
8280
8282
8284
8286
8288
8290
8292
8294
8296
8298
8300
8302
8304
8306
8308
8310
8312
8314
8316
8318
8320
8322
8324
8326
8328
8330
8332
8334
8336
8338
8340
8342
8344
8346
8348
8350
8352
8354
8356
8358
8360
8362
8364
8366
8368
8370
8372
8374
8376
8378
8380
8382
8384
8386
8388
8390
8392
8394
8396
8398
8400
8402
8404
8406
8408
8410
8412
8414
8416
8418
8420
8422
8424
8426
8428
8430
8432
8434
8436
8438
8440
8442
8444
8446
8448
8450
8452
8454
8456
8458
8460
8462
8464
8466
8468
8470
8472
8474
8476
8478
8480
8482
8484
8486
8488
8490
8492
8494
8496
8498
8500
8502
8504
8506
8508
8510
8512
8514
8516
8518
8520
8522
8524
8526
8528
8530
8532
8534
8536
8538
8540
8542
8544
8546
8548
8550
8552
8554
8556
8558
8560
8562
8564
8566
8568
8570
8572
8574
8576
8578
8580
8582
8584
8586
8588
8590
8592
8594
8596
8598
8600
8602
8604
8606
8608
8610
8612
8614
8616
8618
8620
8622
8624
8626
8628
8630
8632
8634
8636
8638
8640
8642
8644
8646
8648
8650
8652
8654
8656
8658
8660
8662
8664
8666
8668
8670
8672
8674
8676
8678
8680
8682
8684
8686
8688
8690
8692
8694
8696
8698
8700
8702
8704
8706
8708
8710
8712
8714
8716
8718
8720
8722
8724
8726
8728
8730
8732
8734
8736
8738
8740
8742
8744
8746
8748
8750
8752
8754
8756
8758
8760
8762
8764
8766
8768
8770
8772
8774
8776
8778
8780
8782
8784
8786
8788
8790
8792
8794
8796
8798
8800
8802
8804
8806
8808
8810
8812
8814
8816
8818
8820
8822
8824
8826
8828
8830
8832
8834
8836
8838
8840
8842
8844
8846
8848
8850
8852
8854
8856
8858
8860
8862
8864
8866
8868
8870
8872
8874
8876
8878
8880
8882
8884
8886
8888
8890
8892
8894
8896
8898
8900
8902
8904
8906
8908
8910
8912
8914
8916
8918
8920
8922
8924
8926
8928
8930
8932
8934
8936
8938
8940
8942
8944
8946
8948
8950
8952
8954
8956
8958
8960
8962
8964
8966
8968
8970
8972
8974
8976
8978
8980
8982
8984
8986
8988
8990
8992
8994
8996
8998
9000
9002
9004
9006
9008
9010
9012
9014
9016
9018
9020
9022
9024
9026
9028
9030
9032
9034
9036
9038
9040
9042
9044
9046
9048
9050
9052
9054
9056
9058
9060
9062
9064
9066
9068
9070
9072
9074
9076
9078
9080
9082
9084
9086
9088
9090
9092
9094
9096
9098
9100
9102
9104
9106
9108
9110
9112
9114
9116
9118
9120
9122
9124
9126
9128
9130
9132
9134
9136
9138
9140
9142
9144
9146
9148
9150
9152
9154
9156
9158
9160
9162
9164
9166
9168
9170
9172
9174
9176
9178
9180
9182
9184
9186
9188
9190
9192
9194
9196
9198
9200
9202
9204
9206
9208
9210
9212
9214
9216
9218
9220
9222
9224
9226
9228
9230
9232
9234
9236
9238
9240
9242
9244
9246
9248
9250
9252
9254
9256
9258
9260
9262
9264
9266
9268
9270
9272
9274
9276
9278
9280
9282
9284
9286
9288
9290
9292
9294
9296
9298
9300
9302
9304
9306
9308
9310
9312
9314
9316
9318
9320
9322
9324
9326
9328
9330
9332
9334
9336
9338
9340
9342
9344
9346
9348
9350
9352
9354
9356
9358
9360
9362
9364
9366
9368
9370
9372
9374
9376
9378
9380
9382
9384
9386
9388
9390
9392
9394
9396
9398
9400
9402
9404
9406
9408
9410
9412
9414
9416
9418
9420
9422
9424
9426
9428
9430
9432
9434
9436
9438
9440
9442
9444
9446
9448
9450
9452
9454
9456
9458
9460
9462
9464
9466
9468
9470
9472
9474
9476
9478
9480
9482
9484
9486
9488
9490
9492
9494
9496
9498
9500
9502
9504
9506
9508
9510
9512
9514
9516
9518
9520
9522
9524
9526
9528
9530
9532
9534
9536
9538
9540
9542
9544
9546
9548
9550
9552
9554
9556
9558
9560
9562
9564
9566
9568
9570
9572
9574
9576
9578
9580
9582
9584
9586
9588
9590
9592
9594
9596
9598
9600
9602
9604
9606
9608
9610
9612
9614
9616
9618
9620
9622
9624
9626
9628
9630
9632
9634
9636
9638
9640
9642
9644
9646
9648
9650
9652
9654
9656
9658
9660
9662
9664
9666
9668
9670
9672
9674
9676
9678
9680
9682
9684
9686
9688
9690
9692
9694
9696
9698
9700
9702
9704
9706
9708
9710
9712
9714
9716
9718
9720
9722
9724
9726
9728
9730
9732
9734
9736
9738
9740
9742
9744
9746
9748
9750
9752
9754
9756
9758
9760
9762
9764
9766
9768
9770
9772
9774
9776
9778
9780
9782
9784
9786
9788
9790
9792
9794
9796
9798
9800
9802
9804
9806
9808
9810
9812
9814
9816
9818
9820
9822
9824
9826
9828
9830
9832
9834
9836
9838
9840
9842
9844
9846
9848
9850
9852
9854
9856
9858
9860
9862
9864
9866
9868
9870
9872
9874
9876
9878
9880
9882
9884
9886
9888
9890
9892
9894
9896
9898
9900
9902
9904
9906
9908
9910
9912
9914
9916
9918
9920
9922
9924
9926
9928
9930
9932
9934
9936
9938
9940
9942
9944
9946
9948
9950
9952
9954
9956
9958
9960
9962
9964
9966
9968
9970
9972
9974
9976
9978
9980
9982
9984
9986
9988
9990
9992
9994
9996
9998
10000
6
9
12
15
18
21
24
27
30
33
36
39
42
45
48
51
54
57
60
63
66
69
72
75
78
81
84
87
90
93
96
99
102
105
108
111
114
117
120
123
126
129
132
135
138
141
144
147
150
153
156
159
162
165
168
171
174
177
180
183
186
189
192
195
198
201
204
207
210
213
216
219
222
225
228
231
234
237
240
243
246
249
252
255
258
261
264
267
270
273
276
279
282
285
288
291
294
297
300
303
306
309
312
315
318
321
324
327
330
333
336
339
342
345
348
351
354
357
360
363
366
369
372
375
378
381
384
387
390
393
396
399
402
405
408
411
414
417
420
423
426
429
432
435
438
441
444
447
450
453
456
459
462
465
468
471
474
477
480
483
486
489
492
495
498
501
504
507
510
513
516
519
522
525
528
531
534
537
540
543
546
549
552
555
558
561
564
567
570
573
576
579
582
585
588
591
594
597
600
603
606
609
612
615
618
621
624
627
630
633
636
639
642
645
648
651
654
657
660
663
666
669
672
675
678
681
684
687
690
693
696
699
702
705
708
711
714
717
720
723
726
729
732
735
738
741
744
747
750
753
756
759
762
765
768
771
774
777
780
783
786
789
792
795
798
801
804
807
810
813
816
819
822
825
828
831
834
837
840
843
846
849
852
855
858
861
864
867
870
873
876
879
882
885
888
891
894
897
900
903
906
909
912
915
918
921
924
927
930
933
936
939
942
945
948
951
954
957
960
963
966
969
972
975
978
981
984
987
990
993
996
999
1002
1005
1008
1011
1014
1017
1020
1023
1026
1029
1032
1035
1038
1041
1044
1047
1050
1053
1056
1059
1062
1065
1068
1071
1074
1077
1080
1083
1086
1089
1092
1095
1098
1101
1104
1107
1110
1113
1116
1119
1122
1125
1128
1131
1134
1137
1140
1143
1146
1149
1152
1155
1158
1161
1164
1167
1170
1173
1176
1179
1182
1185
1188
1191
1194
1197
1200
1203
1206
1209
1212
1215
1218
1221
1224
1227
1230
1233
1236
1239
1242
1245
1248
1251
1254
1257
1260
1263
1266
1269
1272
1275
1278
1281
1284
1287
1290
1293
1296
1299
1302
1305
1308
1311
1314
1317
1320
1323
1326
1329
1332
1335
1338
1341
1344
1347
1350
1353
1356
1359
1362
1365
1368
1371
1374
1377
1380
1383
1386
1389
1392
1395
1398
1401
1404
1407
1410
1413
1416
1419
1422
1425
1428
1431
1434
1437
1440
1443
1446
1449
1452
1455
1458
1461
1464
1467
1470
1473
1476
1479
1482
1485
1488
1491
1494
1497
1500
1503
1506
1509
1512
1515
1518
1521
1524
1527
1530
1533
1536
1539
1542
1545
1548
1551
1554
1557
1560
1563
1566
1569
1572
1575
1578
1581
1584
1587
1590
1593
1596
1599
1602
1605
1608
1611
1614
1617
1620
1623
1626
1629
1632
1635
1638
1641
1644
1647
1650
1653
1656
1659
1662
1665
1668
1671
1674
1677
1680
1683
1686
1689
1692
1695
1698
1701
1704
1707
1710
1713
1716
1719
1722
1725
1728
1731
1734
1737
1740
1743
1746
1749
1752
1755
1758
1761
1764
1767
1770
1773
1776
1779
1782
1785
1788
1791
1794
1797
1800
1803
1806
1809
1812
1815
1818
1821
1824
1827
1830
1833
1836
1839
1842
1845
1848
1851
1854
1857
1860
1863
1866
1869
1872
1875
1878
1881
1884
1887
1890
1893
1896
1899
1902
1905
1908
1911
1914
1917
1920
1923
1926
1929
1932
1935
1938
1941
1944
1947
1950
1953
1956
1959
1962
1965
1968
1971
1974
1977
1980
1983
1986
1989
1992
1995
1998
2001
2004
2007
2010
2013
2016
2019
2022
2025
2028
2031
2034
2037
2040
2043
2046
2049
2052
2055
2058
2061
2064
2067
2070
2073
2076
2079
2082
2085
2088
2091
2094
2097
2100
2103
2106
2109
2112
2115
2118
2121
2124
2127
2130
2133
2136
2139
2142
2145
2148
2151
2154
2157
2160
2163
2166
2169
2172
2175
2178
2181
2184
2187
2190
2193
2196
2199
2202
2205
2208
2211
2214
2217
2220
2223
2226
2229
2232
2235
2238
2241
2244
2247
2250
2253
2256
2259
2262
2265
2268
2271
2274
2277
2280
2283
2286
2289
2292
2295
2298
2301
2304
2307
2310
2313
2316
2319
2322
2325
2328
2331
2334
2337
2340
2343
2346
2349
2352
2355
2358
2361
2364
2367
2370
2373
2376
2379
2382
2385
2388
2391
2394
2397
2400
2403
2406
2409
2412
2415
2418
2421
2424
2427
2430
2433
2436
2439
2442
2445
2448
2451
2454
2457
2460
2463
2466
2469
2472
2475
2478
2481
2484
2487
2490
2493
2496
2499
2502
2505
2508
2511
2514
2517
2520
2523
2526
2529
2532
2535
2538
2541
2544
2547
2550
2553
2556
2559
2562
2565
2568
2571
2574
2577
2580
2583
2586
2589
2592
2595
2598
2601
2604
2607
2610
2613
2616
2619
2622
2625
2628
2631
2634
2637
2640
2643
2646
2649
2652
2655
2658
2661
2664
2667
2670
2673
2676
2679
2682
2685
2688
2691
2694
2697
2700
2703
2706
2709
2712
2715
2718
2721
2724
2727
2730
2733
2736
2739
2742
2745
2748
2751
2754
2757
2760
2763
2766
2769
2772
2775
2778
2781
2784
2787
2790
2793
2796
2799
2802
2805
2808
2811
2814
2817
2820
2823
2826
2829
2832
2835
2838
2841
2844
2847
2850
2853
2856
2859
2862
2865
2868
2871
2874
2877
2880
2883
2886
2889
2892
2895
2898
2901
2904
2907
2910
2913
2916
2919
2922
2925
2928
2931
2934
2937
2940
2943
2946
2949
2952
2955
2958
2961
2964
2967
2970
2973
2976
2979
2982
2985
2988
2991
2994
2997
3000
3003
3006
3009
3012
3015
3018
3021
3024
3027
3030
3033
3036
3039
3042
3045
3048
3051
3054
3057
3060
3063
3066
3069
3072
3075
3078
3081
3084
3087
3090
3093
3096
3099
3102
3105
3108
3111
3114
3117
3120
3123
3126
3129
3132
3135
3138
3141
3144
3147
3150
3153
3156
3159
3162
3165
3168
3171
3174
3177
3180
3183
3186
3189
3192
3195
3198
3201
3204
3207
3210
3213
3216
3219
3222
3225
3228
3231
3234
3237
3240
3243
3246
3249
3252
3255
3258
3261
3264
3267
3270
3273
3276
3279
3282
3285
3288
3291
3294
3297
3300
3303
3306
3309
3312
3315
3318
3321
3324
3327
3330
3333
3336
3339
3342
3345
3348
3351
3354
3357
3360
3363
3366
3369
3372
3375
3378
3381
3384
3387
3390
3393
3396
3399
3402
3405
3408
3411
3414
3417
3420
3423
3426
3429
3432
3435
3438
3441
3444
3447
3450
3453
3456
3459
3462
3465
3468
3471
3474
3477
3480
3483
3486
3489
3492
3495
3498
3501
3504
3507
3510
3513
3516
3519
3522
3525
3528
3531
3534
3537
3540
3543
3546
3549
3552
3555
3558
3561
3564
3567
3570
3573
3576
3579
3582
3585
3588
3591
3594
3597
3600
3603
3606
3609
3612
3615
3618
3621
3624
3627
3630
3633
3636
3639
3642
3645
3648
3651
3654
3657
3660
3663
3666
3669
3672
3675
3678
3681
3684
3687
3690
3693
3696
3699
3702
3705
3708
3711
3714
3717
3720
3723
3726
3729
3732
3735
3738
3741
3744
3747
3750
3753
3756
3759
3762
3765
3768
3771
3774
3777
3780
3783
3786
3789
3792
3795
3798
3801
3804
3807
3810
3813
3816
3819
3822
3825
3828
3831
3834
3837
3840
3843
3846
3849
3852
3855
3858
3861
3864
3867
3870
3873
3876
3879
3882
3885
3888
3891
3894
3897
3900
3903
3906
3909
3912
3915
3918
3921
3924
3927
3930
3933
3936
3939
3942
3945
3948
3951
3954
3957
3960
3963
3966
3969
3972
3975
3978
3981
3984
3987
3990
3993
3996
3999
4002
4005
4008
4011
4014
4017
4020
4023
4026
4029
4032
4035
4038
4041
4044
4047
4050
4053
4056
4059
4062
4065
4068
4071
4074
4077
4080
4083
4086
4089
4092
4095
4098
4101
4104
4107
4110
4113
4116
4119
4122
4125
4128
4131
4134
4137
4140
4143
4146
4149
4152
4155
4158
4161
4164
4167
4170
4173
4176
4179
4182
4185
4188
4191
4194
4197
4200
4203
4206
4209
4212
4215
4218
4221
4224
4227
4230
4233
4236
4239
4242
4245
4248
4251
4254
4257
4260
4263
4266
4269
4272
4275
4278
4281
4284
4287
4290
4293
4296
4299
4302
4305
4308
4311
4314
4317
4320
4323
4326
4329
4332
4335
4338
4341
4344
4347
4350
4353
4356
4359
4362
4365
4368
4371
4374
4377
4380
4383
4386
4389
4392
4395
4398
4401
4404
4407
4410
4413
4416
4419
4422
4425
4428
4431
4434
4437
4440
4443
4446
4449
4452
4455
4458
4461
4464
4467
4470
4473
4476
4479
4482
4485
4488
4491
4494
4497
4500
4503
4506
4509
4512
4515
4518
4521
4524
4527
4530
4533
4536
4539
4542
4545
4548
4551
4554
4557
4560
4563
4566
4569
4572
4575
4578
4581
4584
4587
4590
4593
4596
4599
4602
4605
4608
4611
4614
4617
4620
4623
4626
4629
4632
4635
4638
4641
4644
4647
4650
4653
4656
4659
4662
4665
4668
4671
4674
4677
4680
4683
4686
4689
4692
4695
4698
4701
4704
4707
4710
4713
4716
4719
4722
4725
4728
4731
4734
4737
4740
4743
4746
4749
4752
4755
4758
4761
4764
4767
4770
4773
4776
4779
4782
4785
4788
4791
4794
4797
4800
4803
4806
4809
4812
4815
4818
4821
4824
4827
4830
4833
4836
4839
4842
4845
4848
4851
4854
4857
4860
4863
4866
4869
4872
4875
4878
4881
4884
4887
4890
4893
4896
4899
4902
4905
4908
4911
4914
4917
4920
4923
4926
4929
4932
4935
4938
4941
4944
4947
4950
4953
4956
4959
4962
4965
4968
4971
4974
4977
4980
4983
4986
4989
4992
4995
4998
5001
5004
5007
5010
5013
5016
5019
5022
5025
5028
5031
5034
5037
5040
5043
5046
5049
5052
5055
5058
5061
5064
5067
5070
5073
5076
5079
5082
5085
5088
5091
5094
5097
5100
5103
5106
5109
5112
5115
5118
5121
5124
5127
5130
5133
5136
5139
5142
5145
5148
5151
5154
5157
5160
5163
5166
5169
5172
5175
5178
5181
5184
5187
5190
5193
5196
5199
5202
5205
5208
5211
5214
5217
5220
5223
5226
5229
5232
5235
5238
5241
5244
5247
5250
5253
5256
5259
5262
5265
5268
5271
5274
5277
5280
5283
5286
5289
5292
5295
5298
5301
5304
5307
5310
5313
5316
5319
5322
5325
5328
5331
5334
5337
5340
5343
5346
5349
5352
5355
5358
5361
5364
5367
5370
5373
5376
5379
5382
5385
5388
5391
5394
5397
5400
5403
5406
5409
5412
5415
5418
5421
5424
5427
5430
5433
5436
5439
5442
5445
5448
5451
5454
5457
5460
5463
5466
5469
5472
5475
5478
5481
5484
5487
5490
5493
5496
5499
5502
5505
5508
5511
5514
5517
5520
5523
5526
5529
5532
5535
5538
5541
5544
5547
5550
5553
5556
5559
5562
5565
5568
5571
5574
5577
5580
5583
5586
5589
5592
5595
5598
5601
5604
5607
5610
5613
5616
5619
5622
5625
5628
5631
5634
5637
5640
5643
5646
5649
5652
5655
5658
5661
5664
5667
5670
5673
5676
5679
5682
5685
5688
5691
5694
5697
5700
5703
5706
5709
5712
5715
5718
5721
5724
5727
5730
5733
5736
5739
5742
5745
5748
5751
5754
5757
5760
5763
5766
5769
5772
5775
5778
5781
5784
5787
5790
5793
5796
5799
5802
5805
5808
5811
5814
5817
5820
5823
5826
5829
5832
5835
5838
5841
5844
5847
5850
5853
5856
5859
5862
5865
5868
5871
5874
5877
5880
5883
5886
5889
5892
5895
5898
5901
5904
5907
5910
5913
5916
5919
5922
5925
5928
5931
5934
5937
5940
5943
5946
5949
5952
5955
5958
5961
5964
5967
5970
5973
5976
5979
5982
5985
5988
5991
5994
5997
6000
6003
6006
6009
6012
6015
6018
6021
6024
6027
6030
6033
6036
6039
6042
6045
6048
6051
6054
6057
6060
6063
6066
6069
6072
6075
6078
6081
6084
6087
6090
6093
6096
6099
6102
6105
6108
6111
6114
6117
6120
6123
6126
6129
6132
6135
6138
6141
6144
6147
6150
6153
6156
6159
6162
6165
6168
6171
6174
6177
6180
6183
6186
6189
6192
6195
6198
6201
6204
6207
6210
6213
6216
6219
6222
6225
6228
6231
6234
6237
6240
6243
6246
6249
6252
6255
6258
6261
6264
6267
6270
6273
6276
6279
6282
6285
6288
6291
6294
6297
6300
6303
6306
6309
6312
6315
6318
6321
6324
6327
6330
6333
6336
6339
6342
6345
6348
6351
6354
6357
6360
6363
6366
6369
6372
6375
6378
6381
6384
6387
6390
6393
6396
6399
6402
6405
6408
6411
6414
6417
6420
6423
6426
6429
6432
6435
6438
6441
6444
6447
6450
6453
6456
6459
6462
6465
6468
6471
6474
6477
6480
6483
6486
6489
6492
6495
6498
6501
6504
6507
6510
6513
6516
6519
6522
6525
6528
6531
6534
6537
6540
6543
6546
6549
6552
6555
6558
6561
6564
6567
6570
6573
6576
6579
6582
6585
6588
6591
6594
6597
6600
6603
6606
6609
6612
6615
6618
6621
6624
6627
6630
6633
6636
6639
6642
6645
6648
6651
6654
6657
6660
6663
6666
6669
6672
6675
6678
6681
6684
6687
6690
6693
6696
6699
6702
6705
6708
6711
6714
6717
6720
6723
6726
6729
6732
6735
6738
6741
6744
6747
6750
6753
6756
6759
6762
6765
6768
6771
6774
6777
6780
6783
6786
6789
6792
6795
6798
6801
6804
6807
6810
6813
6816
6819
6822
6825
6828
6831
6834
6837
6840
6843
6846
6849
6852
6855
6858
6861
6864
6867
6870
6873
6876
6879
6882
6885
6888
6891
6894
6897
6900
6903
6906
6909
6912
6915
6918
6921
6924
6927
6930
6933
6936
6939
6942
6945
6948
6951
6954
6957
6960
6963
6966
6969
6972
6975
6978
6981
6984
6987
6990
6993
6996
6999
7002
7005
7008
7011
7014
7017
7020
7023
7026
7029
7032
7035
7038
7041
7044
7047
7050
7053
7056
7059
7062
7065
7068
7071
7074
7077
7080
7083
7086
7089
7092
7095
7098
7101
7104
7107
7110
7113
7116
7119
7122
7125
7128
7131
7134
7137
7140
7143
7146
7149
7152
7155
7158
7161
7164
7167
7170
7173
7176
7179
7182
7185
7188
7191
7194
7197
7200
7203
7206
7209
7212
7215
7218
7221
7224
7227
7230
7233
7236
7239
7242
7245
7248
7251
7254
7257
7260
7263
7266
7269
7272
7275
7278
7281
7284
7287
7290
7293
7296
7299
7302
7305
7308
7311
7314
7317
7320
7323
7326
7329
7332
7335
7338
7341
7344
7347
7350
7353
7356
7359
7362
7365
7368
7371
7374
7377
7380
7383
7386
7389
7392
7395
7398
7401
7404
7407
7410
7413
7416
7419
7422
7425
7428
7431
7434
7437
7440
7443
7446
7449
7452
7455
7458
7461
7464
7467
7470
7473
7476
7479
7482
7485
7488
7491
7494
7497
7500
7503
7506
7509
7512
7515
7518
7521
7524
7527
7530
7533
7536
7539
7542
7545
7548
7551
7554
7557
7560
7563
7566
7569
7572
7575
7578
7581
7584
7587
7590
7593
7596
7599
7602
7605
7608
7611
7614
7617
7620
7623
7626
7629
7632
7635
7638
7641
7644
7647
7650
7653
7656
7659
7662
7665
7668
7671
7674
7677
7680
7683
7686
7689
7692
7695
7698
7701
7704
7707
7710
7713
7716
7719
7722
7725
7728
7731
7734
7737
7740
7743
7746
7749
7752
7755
7758
7761
7764
7767
7770
7773
7776
7779
7782
7785
7788
7791
7794
7797
7800
7803
7806
7809
7812
7815
7818
7821
7824
7827
7830
7833
7836
7839
7842
7845
7848
7851
7854
7857
7860
7863
7866
7869
7872
7875
7878
7881
7884
7887
7890
7893
7896
7899
7902
7905
7908
7911
7914
7917
7920
7923
7926
7929
7932
7935
7938
7941
7944
7947
7950
7953
7956
7959
7962
7965
7968
7971
7974
7977
7980
7983
7986
7989
7992
7995
7998
8001
8004
8007
8010
8013
8016
8019
8022
8025
8028
8031
8034
8037
8040
8043
8046
8049
8052
8055
8058
8061
8064
8067
8070
8073
8076
8079
8082
8085
8088
8091
8094
8097
8100
8103
8106
8109
8112
8115
8118
8121
8124
8127
8130
8133
8136
8139
8142
8145
8148
8151
8154
8157
8160
8163
8166
8169
8172
8175
8178
8181
8184
8187
8190
8193
8196
8199
8202
8205
8208
8211
8214
8217
8220
8223
8226
8229
8232
8235
8238
8241
8244
8247
8250
8253
8256
8259
8262
8265
8268
8271
8274
8277
8280
8283
8286
8289
8292
8295
8298
8301
8304
8307
8310
8313
8316
8319
8322
8325
8328
8331
8334
8337
8340
8343
8346
8349
8352
8355
8358
8361
8364
8367
8370
8373
8376
8379
8382
8385
8388
8391
8394
8397
8400
8403
8406
8409
8412
8415
8418
8421
8424
8427
8430
8433
8436
8439
8442
8445
8448
8451
8454
8457
8460
8463
8466
8469
8472
8475
8478
8481
8484
8487
8490
8493
8496
8499
8502
8505
8508
8511
8514
8517
8520
8523
8526
8529
8532
8535
8538
8541
8544
8547
8550
8553
8556
8559
8562
8565
8568
8571
8574
8577
8580
8583
8586
8589
8592
8595
8598
8601
8604
8607
8610
8613
8616
8619
8622
8625
8628
8631
8634
8637
8640
8643
8646
8649
8652
8655
8658
8661
8664
8667
8670
8673
8676
8679
8682
8685
8688
8691
8694
8697
8700
8703
8706
8709
8712
8715
8718
8721
8724
8727
8730
8733
8736
8739
8742
8745
8748
8751
8754
8757
8760
8763
8766
8769
8772
8775
8778
8781
8784
8787
8790
8793
8796
8799
8802
8805
8808
8811
8814
8817
8820
8823
8826
8829
8832
8835
8838
8841
8844
8847
8850
8853
8856
8859
8862
8865
8868
8871
8874
8877
8880
8883
8886
8889
8892
8895
8898
8901
8904
8907
8910
8913
8916
8919
8922
8925
8928
8931
8934
8937
8940
8943
8946
8949
8952
8955
8958
8961
8964
8967
8970
8973
8976
8979
8982
8985
8988
8991
8994
8997
9000
9003
9006
9009
9012
9015
9018
9021
9024
9027
9030
9033
9036
9039
9042
9045
9048
9051
9054
9057
9060
9063
9066
9069
9072
9075
9078
9081
9084
9087
9090
9093
9096
9099
9102
9105
9108
9111
9114
9117
9120
9123
9126
9129
9132
9135
9138
9141
9144
9147
9150
9153
9156
9159
9162
9165
9168
9171
9174
9177
9180
9183
9186
9189
9192
9195
9198
9201
9204
9207
9210
9213
9216
9219
9222
9225
9228
9231
9234
9237
9240
9243
9246
9249
9252
9255
9258
9261
9264
9267
9270
9273
9276
9279
9282
9285
9288
9291
9294
9297
9300
9303
9306
9309
9312
9315
9318
9321
9324
9327
9330
9333
9336
9339
9342
9345
9348
9351
9354
9357
9360
9363
9366
9369
9372
9375
9378
9381
9384
9387
9390
9393
9396
9399
9402
9405
9408
9411
9414
9417
9420
9423
9426
9429
9432
9435
9438
9441
9444
9447
9450
9453
9456
9459
9462
9465
9468
9471
9474
9477
9480
9483
9486
9489
9492
9495
9498
9501
9504
9507
9510
9513
9516
9519
9522
9525
9528
9531
9534
9537
9540
9543
9546
9549
9552
9555
9558
9561
9564
9567
9570
9573
9576
9579
9582
9585
9588
9591
9594
9597
9600
9603
9606
9609
9612
9615
9618
9621
9624
9627
9630
9633
9636
9639
9642
9645
9648
9651
9654
9657
9660
9663
9666
9669
9672
9675
9678
9681
9684
9687
9690
9693
9696
9699
9702
9705
9708
9711
9714
9717
9720
9723
9726
9729
9732
9735
9738
9741
9744
9747
9750
9753
9756
9759
9762
9765
9768
9771
9774
9777
9780
9783
9786
9789
9792
9795
9798
9801
9804
9807
9810
9813
9816
9819
9822
9825
9828
9831
9834
9837
9840
9843
9846
9849
9852
9855
9858
9861
9864
9867
9870
9873
9876
9879
9882
9885
9888
9891
9894
9897
9900
9903
9906
9909
9912
9915
9918
9921
9924
9927
9930
9933
9936
9939
9942
9945
9948
9951
9954
9957
9960
9963
9966
9969
9972
9975
9978
9981
9984
9987
9990
9993
9996
9999
10
15
20
25
30
35
40
45
50
55
60
65
70
75
80
85
90
95
100
105
110
115
120
125
130
135
140
145
150
155
160
165
170
175
180
185
190
195
200
205
210
215
220
225
230
235
240
245
250
255
260
265
270
275
280
285
290
295
300
305
310
315
320
325
330
335
340
345
350
355
360
365
370
375
380
385
390
395
400
405
410
415
420
425
430
435
440
445
450
455
460
465
470
475
480
485
490
495
500
505
510
515
520
525
530
535
540
545
550
555
560
565
570
575
580
585
590
595
600
605
610
615
620
625
630
635
640
645
650
655
660
665
670
675
680
685
690
695
700
705
710
715
720
725
730
735
740
745
750
755
760
765
770
775
780
785
790
795
800
805
810
815
820
825
830
835
840
845
850
855
860
865
870
875
880
885
890
895
900
905
910
915
920
925
930
935
940
945
950
955
960
965
970
975
980
985
990
995
1000
1005
1010
1015
1020
1025
1030
1035
1040
1045
1050
1055
1060
1065
1070
1075
1080
1085
1090
1095
1100
1105
1110
1115
1120
1125
1130
1135
1140
1145
1150
1155
1160
1165
1170
1175
1180
1185
1190
1195
1200
1205
1210
1215
1220
1225
1230
1235
1240
1245
1250
1255
1260
1265
1270
1275
1280
1285
1290
1295
1300
1305
1310
1315
1320
1325
1330
1335
1340
1345
1350
1355
1360
1365
1370
1375
1380
1385
1390
1395
1400
1405
1410
1415
1420
1425
1430
1435
1440
1445
1450
1455
1460
1465
1470
1475
1480
1485
1490
1495
1500
1505
1510
1515
1520
1525
1530
1535
1540
1545
1550
1555
1560
1565
1570
1575
1580
1585
1590
1595
1600
1605
1610
1615
1620
1625
1630
1635
1640
1645
1650
1655
1660
1665
1670
1675
1680
1685
1690
1695
1700
1705
1710
1715
1720
1725
1730
1735
1740
1745
1750
1755
1760
1765
1770
1775
1780
1785
1790
1795
1800
1805
1810
1815
1820
1825
1830
1835
1840
1845
1850
1855
1860
1865
1870
1875
1880
1885
1890
1895
1900
1905
1910
1915
1920
1925
1930
1935
1940
1945
1950
1955
1960
1965
1970
1975
1980
1985
1990
1995
2000
2005
2010
2015
2020
2025
2030
2035
2040
2045
2050
2055
2060
2065
2070
2075
2080
2085
2090
2095
2100
2105
2110
2115
2120
2125
2130
2135
2140
2145
2150
2155
2160
2165
2170
2175
2180
2185
2190
2195
2200
2205
2210
2215
2220
2225
2230
2235
2240
2245
2250
2255
2260
2265
2270
2275
2280
2285
2290
2295
2300
2305
2310
2315
2320
2325
2330
2335
2340
2345
2350
2355
2360
2365
2370
2375
2380
2385
2390
2395
2400
2405
2410
2415
2420
2425
2430
2435
2440
2445
2450
2455
2460
2465
2470
2475
2480
2485
2490
2495
2500
2505
2510
2515
2520
2525
2530
2535
2540
2545
2550
2555
2560
2565
2570
2575
2580
2585
2590
2595
2600
2605
2610
2615
2620
2625
2630
2635
2640
2645
2650
2655
2660
2665
2670
2675
2680
2685
2690
2695
2700
2705
2710
2715
2720
2725
2730
2735
2740
2745
2750
2755
2760
2765
2770
2775
2780
2785
2790
2795
2800
2805
2810
2815
2820
2825
2830
2835
2840
2845
2850
2855
2860
2865
2870
2875
2880
2885
2890
2895
2900
2905
2910
2915
2920
2925
2930
2935
2940
2945
2950
2955
2960
2965
2970
2975
2980
2985
2990
2995
3000
3005
3010
3015
3020
3025
3030
3035
3040
3045
3050
3055
3060
3065
3070
3075
3080
3085
3090
3095
3100
3105
3110
3115
3120
3125
3130
3135
3140
3145
3150
3155
3160
3165
3170
3175
3180
3185
3190
3195
3200
3205
3210
3215
3220
3225
3230
3235
3240
3245
3250
3255
3260
3265
3270
3275
3280
3285
3290
3295
3300
3305
3310
3315
3320
3325
3330
3335
3340
3345
3350
3355
3360
3365
3370
3375
3380
3385
3390
3395
3400
3405
3410
3415
3420
3425
3430
3435
3440
3445
3450
3455
3460
3465
3470
3475
3480
3485
3490
3495
3500
3505
3510
3515
3520
3525
3530
3535
3540
3545
3550
3555
3560
3565
3570
3575
3580
3585
3590
3595
3600
3605
3610
3615
3620
3625
3630
3635
3640
3645
3650
3655
3660
3665
3670
3675
3680
3685
3690
3695
3700
3705
3710
3715
3720
3725
3730
3735
3740
3745
3750
3755
3760
3765
3770
3775
3780
3785
3790
3795
3800
3805
3810
3815
3820
3825
3830
3835
3840
3845
3850
3855
3860
3865
3870
3875
3880
3885
3890
3895
3900
3905
3910
3915
3920
3925
3930
3935
3940
3945
3950
3955
3960
3965
3970
3975
3980
3985
3990
3995
4000
4005
4010
4015
4020
4025
4030
4035
4040
4045
4050
4055
4060
4065
4070
4075
4080
4085
4090
4095
4100
4105
4110
4115
4120
4125
4130
4135
4140
4145
4150
4155
4160
4165
4170
4175
4180
4185
4190
4195
4200
4205
4210
4215
4220
4225
4230
4235
4240
4245
4250
4255
4260
4265
4270
4275
4280
4285
4290
4295
4300
4305
4310
4315
4320
4325
4330
4335
4340
4345
4350
4355
4360
4365
4370
4375
4380
4385
4390
4395
4400
4405
4410
4415
4420
4425
4430
4435
4440
4445
4450
4455
4460
4465
4470
4475
4480
4485
4490
4495
4500
4505
4510
4515
4520
4525
4530
4535
4540
4545
4550
4555
4560
4565
4570
4575
4580
4585
4590
4595
4600
4605
4610
4615
4620
4625
4630
4635
4640
4645
4650
4655
4660
4665
4670
4675
4680
4685
4690
4695
4700
4705
4710
4715
4720
4725
4730
4735
4740
4745
4750
4755
4760
4765
4770
4775
4780
4785
4790
4795
4800
4805
4810
4815
4820
4825
4830
4835
4840
4845
4850
4855
4860
4865
4870
4875
4880
4885
4890
4895
4900
4905
4910
4915
4920
4925
4930
4935
4940
4945
4950
4955
4960
4965
4970
4975
4980
4985
4990
4995
5000
5005
5010
5015
5020
5025
5030
5035
5040
5045
5050
5055
5060
5065
5070
5075
5080
5085
5090
5095
5100
5105
5110
5115
5120
5125
5130
5135
5140
5145
5150
5155
5160
5165
5170
5175
5180
5185
5190
5195
5200
5205
5210
5215
5220
5225
5230
5235
5240
5245
5250
5255
5260
5265
5270
5275
5280
5285
5290
5295
5300
5305
5310
5315
5320
5325
5330
5335
5340
5345
5350
5355
5360
5365
5370
5375
5380
5385
5390
5395
5400
5405
5410
5415
5420
5425
5430
5435
5440
5445
5450
5455
5460
5465
5470
5475
5480
5485
5490
5495
5500
5505
5510
5515
5520
5525
5530
5535
5540
5545
5550
5555
5560
5565
5570
5575
5580
5585
5590
5595
5600
5605
5610
5615
5620
5625
5630
5635
5640
5645
5650
5655
5660
5665
5670
5675
5680
5685
5690
5695
5700
5705
5710
5715
5720
5725
5730
5735
5740
5745
5750
5755
5760
5765
5770
5775
5780
5785
5790
5795
5800
5805
5810
5815
5820
5825
5830
5835
5840
5845
5850
5855
5860
5865
5870
5875
5880
5885
5890
5895
5900
5905
5910
5915
5920
5925
5930
5935
5940
5945
5950
5955
5960
5965
5970
5975
5980
5985
5990
5995
6000
6005
6010
6015
6020
6025
6030
6035
6040
6045
6050
6055
6060
6065
6070
6075
6080
6085
6090
6095
6100
6105
6110
6115
6120
6125
6130
6135
6140
6145
6150
6155
6160
6165
6170
6175
6180
6185
6190
6195
6200
6205
6210
6215
6220
6225
6230
6235
6240
6245
6250
6255
6260
6265
6270
6275
6280
6285
6290
6295
6300
6305
6310
6315
6320
6325
6330
6335
6340
6345
6350
6355
6360
6365
6370
6375
6380
6385
6390
6395
6400
6405
6410
6415
6420
6425
6430
6435
6440
6445
6450
6455
6460
6465
6470
6475
6480
6485
6490
6495
6500
6505
6510
6515
6520
6525
6530
6535
6540
6545
6550
6555
6560
6565
6570
6575
6580
6585
6590
6595
6600
6605
6610
6615
6620
6625
6630
6635
6640
6645
6650
6655
6660
6665
6670
6675
6680
6685
6690
6695
6700
6705
6710
6715
6720
6725
6730
6735
6740
6745
6750
6755
6760
6765
6770
6775
6780
6785
6790
6795
6800
6805
6810
6815
6820
6825
6830
6835
6840
6845
6850
6855
6860
6865
6870
6875
6880
6885
6890
6895
6900
6905
6910
6915
6920
6925
6930
6935
6940
6945
6950
6955
6960
6965
6970
6975
6980
6985
6990
6995
7000
7005
7010
7015
7020
7025
7030
7035
7040
7045
7050
7055
7060
7065
7070
7075
7080
7085
7090
7095
7100
7105
7110
7115
7120
7125
7130
7135
7140
7145
7150
7155
7160
7165
7170
7175
7180
7185
7190
7195
7200
7205
7210
7215
7220
7225
7230
7235
7240
7245
7250
7255
7260
7265
7270
7275
7280
7285
7290
7295
7300
7305
7310
7315
7320
7325
7330
7335
7340
7345
7350
7355
7360
7365
7370
7375
7380
7385
7390
7395
7400
7405
7410
7415
7420
7425
7430
7435
7440
7445
7450
7455
7460
7465
7470
7475
7480
7485
7490
7495
7500
7505
7510
7515
7520
7525
7530
7535
7540
7545
7550
7555
7560
7565
7570
7575
7580
7585
7590
7595
7600
7605
7610
7615
7620
7625
7630
7635
7640
7645
7650
7655
7660
7665
7670
7675
7680
7685
7690
7695
7700
7705
7710
7715
7720
7725
7730
7735
7740
7745
7750
7755
7760
7765
7770
7775
7780
7785
7790
7795
7800
7805
7810
7815
7820
7825
7830
7835
7840
7845
7850
7855
7860
7865
7870
7875
7880
7885
7890
7895
7900
7905
7910
7915
7920
7925
7930
7935
7940
7945
7950
7955
7960
7965
7970
7975
7980
7985
7990
7995
8000
8005
8010
8015
8020
8025
8030
8035
8040
8045
8050
8055
8060
8065
8070
8075
8080
8085
8090
8095
8100
8105
8110
8115
8120
8125
8130
8135
8140
8145
8150
8155
8160
8165
8170
8175
8180
8185
8190
8195
8200
8205
8210
8215
8220
8225
8230
8235
8240
8245
8250
8255
8260
8265
8270
8275
8280
8285
8290
8295
8300
8305
8310
8315
8320
8325
8330
8335
8340
8345
8350
8355
8360
8365
8370
8375
8380
8385
8390
8395
8400
8405
8410
8415
8420
8425
8430
8435
8440
8445
8450
8455
8460
8465
8470
8475
8480
8485
8490
8495
8500
8505
8510
8515
8520
8525
8530
8535
8540
8545
8550
8555
8560
8565
8570
8575
8580
8585
8590
8595
8600
8605
8610
8615
8620
8625
8630
8635
8640
8645
8650
8655
8660
8665
8670
8675
8680
8685
8690
8695
8700
8705
8710
8715
8720
8725
8730
8735
8740
8745
8750
8755
8760
8765
8770
8775
8780
8785
8790
8795
8800
8805
8810
8815
8820
8825
8830
8835
8840
8845
8850
8855
8860
8865
8870
8875
8880
8885
8890
8895
8900
8905
8910
8915
8920
8925
8930
8935
8940
8945
8950
8955
8960
8965
8970
8975
8980
8985
8990
8995
9000
9005
9010
9015
9020
9025
9030
9035
9040
9045
9050
9055
9060
9065
9070
9075
9080
9085
9090
9095
9100
9105
9110
9115
9120
9125
9130
9135
9140
9145
9150
9155
9160
9165
9170
9175
9180
9185
9190
9195
9200
9205
9210
9215
9220
9225
9230
9235
9240
9245
9250
9255
9260
9265
9270
9275
9280
9285
9290
9295
9300
9305
9310
9315
9320
9325
9330
9335
9340
9345
9350
9355
9360
9365
9370
9375
9380
9385
9390
9395
9400
9405
9410
9415
9420
9425
9430
9435
9440
9445
9450
9455
9460
9465
9470
9475
9480
9485
9490
9495
9500
9505
9510
9515
9520
9525
9530
9535
9540
9545
9550
9555
9560
9565
9570
9575
9580
9585
9590
9595
9600
9605
9610
9615
9620
9625
9630
9635
9640
9645
9650
9655
9660
9665
9670
9675
9680
9685
9690
9695
9700
9705
9710
9715
9720
9725
9730
9735
9740
9745
9750
9755
9760
9765
9770
9775
9780
9785
9790
9795
9800
9805
9810
9815
9820
9825
9830
9835
9840
9845
9850
9855
9860
9865
9870
9875
9880
9885
9890
9895
9900
9905
9910
9915
9920
9925
9930
9935
9940
9945
9950
9955
9960
9965
9970
9975
9980
9985
9990
9995
10000
14
21
28
35
42
49
56
63
70
77
84
91
98
105
112
119
126
133
140
147
154
161
168
175
182
189
196
203
210
217
224
231
238
245
252
259
266
273
280
287
294
301
308
315
322
329
336
343
350
357
364
371
378
385
392
399
406
413
420
427
434
441
448
455
462
469
476
483
490
497
504
511
518
525
532
539
546
553
560
567
574
581
588
595
602
609
616
623
630
637
644
651
658
665
672
679
686
693
700
707
714
721
728
735
742
749
756
763
770
777
784
791
798
805
812
819
826
833
840
847
854
861
868
875
882
889
896
903
910
917
924
931
938
945
952
959
966
973
980
987
994
1001
1008
1015
1022
1029
1036
1043
1050
1057
1064
1071
1078
1085
1092
1099
1106
1113
1120
1127
1134
1141
1148
1155
1162
1169
1176
1183
1190
1197
1204
1211
1218
1225
1232
1239
1246
1253
1260
1267
1274
1281
1288
1295
1302
1309
1316
1323
1330
1337
1344
1351
1358
1365
1372
1379
1386
1393
1400
1407
1414
1421
1428
1435
1442
1449
1456
1463
1470
1477
1484
1491
1498
1505
1512
1519
1526
1533
1540
1547
1554
1561
1568
1575
1582
1589
1596
1603
1610
1617
1624
1631
1638
1645
1652
1659
1666
1673
1680
1687
1694
1701
1708
1715
1722
1729
1736
1743
1750
1757
1764
1771
1778
1785
1792
1799
1806
1813
1820
1827
1834
1841
1848
1855
1862
1869
1876
1883
1890
1897
1904
1911
1918
1925
1932
1939
1946
1953
1960
1967
1974
1981
1988
1995
2002
2009
2016
2023
2030
2037
2044
2051
2058
2065
2072
2079
2086
2093
2100
2107
2114
2121
2128
2135
2142
2149
2156
2163
2170
2177
2184
2191
2198
2205
2212
2219
2226
2233
2240
2247
2254
2261
2268
2275
2282
2289
2296
2303
2310
2317
2324
2331
2338
2345
2352
2359
2366
2373
2380
2387
2394
2401
2408
2415
2422
2429
2436
2443
2450
2457
2464
2471
2478
2485
2492
2499
2506
2513
2520
2527
2534
2541
2548
2555
2562
2569
2576
2583
2590
2597
2604
2611
2618
2625
2632
2639
2646
2653
2660
2667
2674
2681
2688
2695
2702
2709
2716
2723
2730
2737
2744
2751
2758
2765
2772
2779
2786
2793
2800
2807
2814
2821
2828
2835
2842
2849
2856
2863
2870
2877
2884
2891
2898
2905
2912
2919
2926
2933
2940
2947
2954
2961
2968
2975
2982
2989
2996
3003
3010
3017
3024
3031
3038
3045
3052
3059
3066
3073
3080
3087
3094
3101
3108
3115
3122
3129
3136
3143
3150
3157
3164
3171
3178
3185
3192
3199
3206
3213
3220
3227
3234
3241
3248
3255
3262
3269
3276
3283
3290
3297
3304
3311
3318
3325
3332
3339
3346
3353
3360
3367
3374
3381
3388
3395
3402
3409
3416
3423
3430
3437
3444
3451
3458
3465
3472
3479
3486
3493
3500
3507
3514
3521
3528
3535
3542
3549
3556
3563
3570
3577
3584
3591
3598
3605
3612
3619
3626
3633
3640
3647
3654
3661
3668
3675
3682
3689
3696
3703
3710
3717
3724
3731
3738
3745
3752
3759
3766
3773
3780
3787
3794
3801
3808
3815
3822
3829
3836
3843
3850
3857
3864
3871
3878
3885
3892
3899
3906
3913
3920
3927
3934
3941
3948
3955
3962
3969
3976
3983
3990
3997
4004
4011
4018
4025
4032
4039
4046
4053
4060
4067
4074
4081
4088
4095
4102
4109
4116
4123
4130
4137
4144
4151
4158
4165
4172
4179
4186
4193
4200
4207
4214
4221
4228
4235
4242
4249
4256
4263
4270
4277
4284
4291
4298
4305
4312
4319
4326
4333
4340
4347
4354
4361
4368
4375
4382
4389
4396
4403
4410
4417
4424
4431
4438
4445
4452
4459
4466
4473
4480
4487
4494
4501
4508
4515
4522
4529
4536
4543
4550
4557
4564
4571
4578
4585
4592
4599
4606
4613
4620
4627
4634
4641
4648
4655
4662
4669
4676
4683
4690
4697
4704
4711
4718
4725
4732
4739
4746
4753
4760
4767
4774
4781
4788
4795
4802
4809
4816
4823
4830
4837
4844
4851
4858
4865
4872
4879
4886
4893
4900
4907
4914
4921
4928
4935
4942
4949
4956
4963
4970
4977
4984
4991
4998
5005
5012
5019
5026
5033
5040
5047
5054
5061
5068
5075
5082
5089
5096
5103
5110
5117
5124
5131
5138
5145
5152
5159
5166
5173
5180
5187
5194
5201
5208
5215
5222
5229
5236
5243
5250
5257
5264
5271
5278
5285
5292
5299
5306
5313
5320
5327
5334
5341
5348
5355
5362
5369
5376
5383
5390
5397
5404
5411
5418
5425
5432
5439
5446
5453
5460
5467
5474
5481
5488
5495
5502
5509
5516
5523
5530
5537
5544
5551
5558
5565
5572
5579
5586
5593
5600
5607
5614
5621
5628
5635
5642
5649
5656
5663
5670
5677
5684
5691
5698
5705
5712
5719
5726
5733
5740
5747
5754
5761
5768
5775
5782
5789
5796
5803
5810
5817
5824
5831
5838
5845
5852
5859
5866
5873
5880
5887
5894
5901
5908
5915
5922
5929
5936
5943
5950
5957
5964
5971
5978
5985
5992
5999
6006
6013
6020
6027
6034
6041
6048
6055
6062
6069
6076
6083
6090
6097
6104
6111
6118
6125
6132
6139
6146
6153
6160
6167
6174
6181
6188
6195
6202
6209
6216
6223
6230
6237
6244
6251
6258
6265
6272
6279
6286
6293
6300
6307
6314
6321
6328
6335
6342
6349
6356
6363
6370
6377
6384
6391
6398
6405
6412
6419
6426
6433
6440
6447
6454
6461
6468
6475
6482
6489
6496
6503
6510
6517
6524
6531
6538
6545
6552
6559
6566
6573
6580
6587
6594
6601
6608
6615
6622
6629
6636
6643
6650
6657
6664
6671
6678
6685
6692
6699
6706
6713
6720
6727
6734
6741
6748
6755
6762
6769
6776
6783
6790
6797
6804
6811
6818
6825
6832
6839
6846
6853
6860
6867
6874
6881
6888
6895
6902
6909
6916
6923
6930
6937
6944
6951
6958
6965
6972
6979
6986
6993
7000
7007
7014
7021
7028
7035
7042
7049
7056
7063
7070
7077
7084
7091
7098
7105
7112
7119
7126
7133
7140
7147
7154
7161
7168
7175
7182
7189
7196
7203
7210
7217
7224
7231
7238
7245
7252
7259
7266
7273
7280
7287
7294
7301
7308
7315
7322
7329
7336
7343
7350
7357
7364
7371
7378
7385
7392
7399
7406
7413
7420
7427
7434
7441
7448
7455
7462
7469
7476
7483
7490
7497
7504
7511
7518
7525
7532
7539
7546
7553
7560
7567
7574
7581
7588
7595
7602
7609
7616
7623
7630
7637
7644
7651
7658
7665
7672
7679
7686
7693
7700
7707
7714
7721
7728
7735
7742
7749
7756
7763
7770
7777
7784
7791
7798
7805
7812
7819
7826
7833
7840
7847
7854
7861
7868
7875
7882
7889
7896
7903
7910
7917
7924
7931
7938
7945
7952
7959
7966
7973
7980
7987
7994
8001
8008
8015
8022
8029
8036
8043
8050
8057
8064
8071
8078
8085
8092
8099
8106
8113
8120
8127
8134
8141
8148
8155
8162
8169
8176
8183
8190
8197
8204
8211
8218
8225
8232
8239
8246
8253
8260
8267
8274
8281
8288
8295
8302
8309
8316
8323
8330
8337
8344
8351
8358
8365
8372
8379
8386
8393
8400
8407
8414
8421
8428
8435
8442
8449
8456
8463
8470
8477
8484
8491
8498
8505
8512
8519
8526
8533
8540
8547
8554
8561
8568
8575
8582
8589
8596
8603
8610
8617
8624
8631
8638
8645
8652
8659
8666
8673
8680
8687
8694
8701
8708
8715
8722
8729
8736
8743
8750
8757
8764
8771
8778
8785
8792
8799
8806
8813
8820
8827
8834
8841
8848
8855
8862
8869
8876
8883
8890
8897
8904
8911
8918
8925
8932
8939
8946
8953
8960
8967
8974
8981
8988
8995
9002
9009
9016
9023
9030
9037
9044
9051
9058
9065
9072
9079
9086
9093
9100
9107
9114
9121
9128
9135
9142
9149
9156
9163
9170
9177
9184
9191
9198
9205
9212
9219
9226
9233
9240
9247
9254
9261
9268
9275
9282
9289
9296
9303
9310
9317
9324
9331
9338
9345
9352
9359
9366
9373
9380
9387
9394
9401
9408
9415
9422
9429
9436
9443
9450
9457
9464
9471
9478
9485
9492
9499
9506
9513
9520
9527
9534
9541
9548
9555
9562
9569
9576
9583
9590
9597
9604
9611
9618
9625
9632
9639
9646
9653
9660
9667
9674
9681
9688
9695
9702
9709
9716
9723
9730
9737
9744
9751
9758
9765
9772
9779
9786
9793
9800
9807
9814
9821
9828
9835
9842
9849
9856
9863
9870
9877
9884
9891
9898
9905
9912
9919
9926
9933
9940
9947
9954
9961
9968
9975
9982
9989
9996
22
33
44
55
66
77
88
99
110
121
132
143
154
165
176
187
198
209
220
231
242
253
264
275
286
297
308
319
330
341
352
363
374
385
396
407
418
429
440
451
462
473
484
495
506
517
528
539
550
561
572
583
594
605
616
627
638
649
660
671
682
693
704
715
726
737
748
759
770
781
792
803
814
825
836
847
858
869
880
891
902
913
924
935
946
957
968
979
990
1001
1012
1023
1034
1045
1056
1067
1078
1089
1100
1111
1122
1133
1144
1155
1166
1177
1188
1199
1210
1221
1232
1243
1254
1265
1276
1287
1298
1309
1320
1331
1342
1353
1364
1375
1386
1397
1408
1419
1430
1441
1452
1463
1474
1485
1496
1507
1518
1529
1540
1551
1562
1573
1584
1595
1606
1617
1628
1639
1650
1661
1672
1683
1694
1705
1716
1727
1738
1749
1760
1771
1782
1793
1804
1815
1826
1837
1848
1859
1870
1881
1892
1903
1914
1925
1936
1947
1958
1969
1980
1991
2002
2013
2024
2035
2046
2057
2068
2079
2090
2101
2112
2123
2134
2145
2156
2167
2178
2189
2200
2211
2222
2233
2244
2255
2266
2277
2288
2299
2310
2321
2332
2343
2354
2365
2376
2387
2398
2409
2420
2431
2442
2453
2464
2475
2486
2497
2508
2519
2530
2541
2552
2563
2574
2585
2596
2607
2618
2629
2640
2651
2662
2673
2684
2695
2706
2717
2728
2739
2750
2761
2772
2783
2794
2805
2816
2827
2838
2849
2860
2871
2882
2893
2904
2915
2926
2937
2948
2959
2970
2981
2992
3003
3014
3025
3036
3047
3058
3069
3080
3091
3102
3113
3124
3135
3146
3157
3168
3179
3190
3201
3212
3223
3234
3245
3256
3267
3278
3289
3300
3311
3322
3333
3344
3355
3366
3377
3388
3399
3410
3421
3432
3443
3454
3465
3476
3487
3498
3509
3520
3531
3542
3553
3564
3575
3586
3597
3608
3619
3630
3641
3652
3663
3674
3685
3696
3707
3718
3729
3740
3751
3762
3773
3784
3795
3806
3817
3828
3839
3850
3861
3872
3883
3894
3905
3916
3927
3938
3949
3960
3971
3982
3993
4004
4015
4026
4037
4048
4059
4070
4081
4092
4103
4114
4125
4136
4147
4158
4169
4180
4191
4202
4213
4224
4235
4246
4257
4268
4279
4290
4301
4312
4323
4334
4345
4356
4367
4378
4389
4400
4411
4422
4433
4444
4455
4466
4477
4488
4499
4510
4521
4532
4543
4554
4565
4576
4587
4598
4609
4620
4631
4642
4653
4664
4675
4686
4697
4708
4719
4730
4741
4752
4763
4774
4785
4796
4807
4818
4829
4840
4851
4862
4873
4884
4895
4906
4917
4928
4939
4950
4961
4972
4983
4994
5005
5016
5027
5038
5049
5060
5071
5082
5093
5104
5115
5126
5137
5148
5159
5170
5181
5192
5203
5214
5225
5236
5247
5258
5269
5280
5291
5302
5313
5324
5335
5346
5357
5368
5379
5390
5401
5412
5423
5434
5445
5456
5467
5478
5489
5500
5511
5522
5533
5544
5555
5566
5577
5588
5599
5610
5621
5632
5643
5654
5665
5676
5687
5698
5709
5720
5731
5742
5753
5764
5775
5786
5797
5808
5819
5830
5841
5852
5863
5874
5885
5896
5907
5918
5929
5940
5951
5962
5973
5984
5995
6006
6017
6028
6039
6050
6061
6072
6083
6094
6105
6116
6127
6138
6149
6160
6171
6182
6193
6204
6215
6226
6237
6248
6259
6270
6281
6292
6303
6314
6325
6336
6347
6358
6369
6380
6391
6402
6413
6424
6435
6446
6457
6468
6479
6490
6501
6512
6523
6534
6545
6556
6567
6578
6589
6600
6611
6622
6633
6644
6655
6666
6677
6688
6699
6710
6721
6732
6743
6754
6765
6776
6787
6798
6809
6820
6831
6842
6853
6864
6875
6886
6897
6908
6919
6930
6941
6952
6963
6974
6985
6996
7007
7018
7029
7040
7051
7062
7073
7084
7095
7106
7117
7128
7139
7150
7161
7172
7183
7194
7205
7216
7227
7238
7249
7260
7271
7282
7293
7304
7315
7326
7337
7348
7359
7370
7381
7392
7403
7414
7425
7436
7447
7458
7469
7480
7491
7502
7513
7524
7535
7546
7557
7568
7579
7590
7601
7612
7623
7634
7645
7656
7667
7678
7689
7700
7711
7722
7733
7744
7755
7766
7777
7788
7799
7810
7821
7832
7843
7854
7865
7876
7887
7898
7909
7920
7931
7942
7953
7964
7975
7986
7997
8008
8019
8030
8041
8052
8063
8074
8085
8096
8107
8118
8129
8140
8151
8162
8173
8184
8195
8206
8217
8228
8239
8250
8261
8272
8283
8294
8305
8316
8327
8338
8349
8360
8371
8382
8393
8404
8415
8426
8437
8448
8459
8470
8481
8492
8503
8514
8525
8536
8547
8558
8569
8580
8591
8602
8613
8624
8635
8646
8657
8668
8679
8690
8701
8712
8723
8734
8745
8756
8767
8778
8789
8800
8811
8822
8833
8844
8855
8866
8877
8888
8899
8910
8921
8932
8943
8954
8965
8976
8987
8998
9009
9020
9031
9042
9053
9064
9075
9086
9097
9108
9119
9130
9141
9152
9163
9174
9185
9196
9207
9218
9229
9240
9251
9262
9273
9284
9295
9306
9317
9328
9339
9350
9361
9372
9383
9394
9405
9416
9427
9438
9449
9460
9471
9482
9493
9504
9515
9526
9537
9548
9559
9570
9581
9592
9603
9614
9625
9636
9647
9658
9669
9680
9691
9702
9713
9724
9735
9746
9757
9768
9779
9790
9801
9812
9823
9834
9845
9856
9867
9878
9889
9900
9911
9922
9933
9944
9955
9966
9977
9988
9999
26
39
52
65
78
91
104
117
130
143
156
169
182
195
208
221
234
247
260
273
286
299
312
325
338
351
364
377
390
403
416
429
442
455
468
481
494
507
520
533
546
559
572
585
598
611
624
637
650
663
676
689
702
715
728
741
754
767
780
793
806
819
832
845
858
871
884
897
910
923
936
949
962
975
988
1001
1014
1027
1040
1053
1066
1079
1092
1105
1118
1131
1144
1157
1170
1183
1196
1209
1222
1235
1248
1261
1274
1287
1300
1313
1326
1339
1352
1365
1378
1391
1404
1417
1430
1443
1456
1469
1482
1495
1508
1521
1534
1547
1560
1573
1586
1599
1612
1625
1638
1651
1664
1677
1690
1703
1716
1729
1742
1755
1768
1781
1794
1807
1820
1833
1846
1859
1872
1885
1898
1911
1924
1937
1950
1963
1976
1989
2002
2015
2028
2041
2054
2067
2080
2093
2106
2119
2132
2145
2158
2171
2184
2197
2210
2223
2236
2249
2262
2275
2288
2301
2314
2327
2340
2353
2366
2379
2392
2405
2418
2431
2444
2457
2470
2483
2496
2509
2522
2535
2548
2561
2574
2587
2600
2613
2626
2639
2652
2665
2678
2691
2704
2717
2730
2743
2756
2769
2782
2795
2808
2821
2834
2847
2860
2873
2886
2899
2912
2925
2938
2951
2964
2977
2990
3003
3016
3029
3042
3055
3068
3081
3094
3107
3120
3133
3146
3159
3172
3185
3198
3211
3224
3237
3250
3263
3276
3289
3302
3315
3328
3341
3354
3367
3380
3393
3406
3419
3432
3445
3458
3471
3484
3497
3510
3523
3536
3549
3562
3575
3588
3601
3614
3627
3640
3653
3666
3679
3692
3705
3718
3731
3744
3757
3770
3783
3796
3809
3822
3835
3848
3861
3874
3887
3900
3913
3926
3939
3952
3965
3978
3991
4004
4017
4030
4043
4056
4069
4082
4095
4108
4121
4134
4147
4160
4173
4186
4199
4212
4225
4238
4251
4264
4277
4290
4303
4316
4329
4342
4355
4368
4381
4394
4407
4420
4433
4446
4459
4472
4485
4498
4511
4524
4537
4550
4563
4576
4589
4602
4615
4628
4641
4654
4667
4680
4693
4706
4719
4732
4745
4758
4771
4784
4797
4810
4823
4836
4849
4862
4875
4888
4901
4914
4927
4940
4953
4966
4979
4992
5005
5018
5031
5044
5057
5070
5083
5096
5109
5122
5135
5148
5161
5174
5187
5200
5213
5226
5239
5252
5265
5278
5291
5304
5317
5330
5343
5356
5369
5382
5395
5408
5421
5434
5447
5460
5473
5486
5499
5512
5525
5538
5551
5564
5577
5590
5603
5616
5629
5642
5655
5668
5681
5694
5707
5720
5733
5746
5759
5772
5785
5798
5811
5824
5837
5850
5863
5876
5889
5902
5915
5928
5941
5954
5967
5980
5993
6006
6019
6032
6045
6058
6071
6084
6097
6110
6123
6136
6149
6162
6175
6188
6201
6214
6227
6240
6253
6266
6279
6292
6305
6318
6331
6344
6357
6370
6383
6396
6409
6422
6435
6448
6461
6474
6487
6500
6513
6526
6539
6552
6565
6578
6591
6604
6617
6630
6643
6656
6669
6682
6695
6708
6721
6734
6747
6760
6773
6786
6799
6812
6825
6838
6851
6864
6877
6890
6903
6916
6929
6942
6955
6968
6981
6994
7007
7020
7033
7046
7059
7072
7085
7098
7111
7124
7137
7150
7163
7176
7189
7202
7215
7228
7241
7254
7267
7280
7293
7306
7319
7332
7345
7358
7371
7384
7397
7410
7423
7436
7449
7462
7475
7488
7501
7514
7527
7540
7553
7566
7579
7592
7605
7618
7631
7644
7657
7670
7683
7696
7709
7722
7735
7748
7761
7774
7787
7800
7813
7826
7839
7852
7865
7878
7891
7904
7917
7930
7943
7956
7969
7982
7995
8008
8021
8034
8047
8060
8073
8086
8099
8112
8125
8138
8151
8164
8177
8190
8203
8216
8229
8242
8255
8268
8281
8294
8307
8320
8333
8346
8359
8372
8385
8398
8411
8424
8437
8450
8463
8476
8489
8502
8515
8528
8541
8554
8567
8580
8593
8606
8619
8632
8645
8658
8671
8684
8697
8710
8723
8736
8749
8762
8775
8788
8801
8814
8827
8840
8853
8866
8879
8892
8905
8918
8931
8944
8957
8970
8983
8996
9009
9022
9035
9048
9061
9074
9087
9100
9113
9126
9139
9152
9165
9178
9191
9204
9217
9230
9243
9256
9269
9282
9295
9308
9321
9334
9347
9360
9373
9386
9399
9412
9425
9438
9451
9464
9477
9490
9503
9516
9529
9542
9555
9568
9581
9594
9607
9620
9633
9646
9659
9672
9685
9698
9711
9724
9737
9750
9763
9776
9789
9802
9815
9828
9841
9854
9867
9880
9893
9906
9919
9932
9945
9958
9971
9984
9997
34
51
68
85
102
119
136
153
170
187
204
221
238
255
272
289
306
323
340
357
374
391
408
425
442
459
476
493
510
527
544
561
578
595
612
629
646
663
680
697
714
731
748
765
782
799
816
833
850
867
884
901
918
935
952
969
986
1003
1020
1037
1054
1071
1088
1105
1122
1139
1156
1173
1190
1207
1224
1241
1258
1275
1292
1309
1326
1343
1360
1377
1394
1411
1428
1445
1462
1479
1496
1513
1530
1547
1564
1581
1598
1615
1632
1649
1666
1683
1700
1717
1734
1751
1768
1785
1802
1819
1836
1853
1870
1887
1904
1921
1938
1955
1972
1989
2006
2023
2040
2057
2074
2091
2108
2125
2142
2159
2176
2193
2210
2227
2244
2261
2278
2295
2312
2329
2346
2363
2380
2397
2414
2431
2448
2465
2482
2499
2516
2533
2550
2567
2584
2601
2618
2635
2652
2669
2686
2703
2720
2737
2754
2771
2788
2805
2822
2839
2856
2873
2890
2907
2924
2941
2958
2975
2992
3009
3026
3043
3060
3077
3094
3111
3128
3145
3162
3179
3196
3213
3230
3247
3264
3281
3298
3315
3332
3349
3366
3383
3400
3417
3434
3451
3468
3485
3502
3519
3536
3553
3570
3587
3604
3621
3638
3655
3672
3689
3706
3723
3740
3757
3774
3791
3808
3825
3842
3859
3876
3893
3910
3927
3944
3961
3978
3995
4012
4029
4046
4063
4080
4097
4114
4131
4148
4165
4182
4199
4216
4233
4250
4267
4284
4301
4318
4335
4352
4369
4386
4403
4420
4437
4454
4471
4488
4505
4522
4539
4556
4573
4590
4607
4624
4641
4658
4675
4692
4709
4726
4743
4760
4777
4794
4811
4828
4845
4862
4879
4896
4913
4930
4947
4964
4981
4998
5015
5032
5049
5066
5083
5100
5117
5134
5151
5168
5185
5202
5219
5236
5253
5270
5287
5304
5321
5338
5355
5372
5389
5406
5423
5440
5457
5474
5491
5508
5525
5542
5559
5576
5593
5610
5627
5644
5661
5678
5695
5712
5729
5746
5763
5780
5797
5814
5831
5848
5865
5882
5899
5916
5933
5950
5967
5984
6001
6018
6035
6052
6069
6086
6103
6120
6137
6154
6171
6188
6205
6222
6239
6256
6273
6290
6307
6324
6341
6358
6375
6392
6409
6426
6443
6460
6477
6494
6511
6528
6545
6562
6579
6596
6613
6630
6647
6664
6681
6698
6715
6732
6749
6766
6783
6800
6817
6834
6851
6868
6885
6902
6919
6936
6953
6970
6987
7004
7021
7038
7055
7072
7089
7106
7123
7140
7157
7174
7191
7208
7225
7242
7259
7276
7293
7310
7327
7344
7361
7378
7395
7412
7429
7446
7463
7480
7497
7514
7531
7548
7565
7582
7599
7616
7633
7650
7667
7684
7701
7718
7735
7752
7769
7786
7803
7820
7837
7854
7871
7888
7905
7922
7939
7956
7973
7990
8007
8024
8041
8058
8075
8092
8109
8126
8143
8160
8177
8194
8211
8228
8245
8262
8279
8296
8313
8330
8347
8364
8381
8398
8415
8432
8449
8466
8483
8500
8517
8534
8551
8568
8585
8602
8619
8636
8653
8670
8687
8704
8721
8738
8755
8772
8789
8806
8823
8840
8857
8874
8891
8908
8925
8942
8959
8976
8993
9010
9027
9044
9061
9078
9095
9112
9129
9146
9163
9180
9197
9214
9231
9248
9265
9282
9299
9316
9333
9350
9367
9384
9401
9418
9435
9452
9469
9486
9503
9520
9537
9554
9571
9588
9605
9622
9639
9656
9673
9690
9707
9724
9741
9758
9775
9792
9809
9826
9843
9860
9877
9894
9911
9928
9945
9962
9979
9996
38
57
76
95
114
133
152
171
190
209
228
247
266
285
304
323
342
361
380
399
418
437
456
475
494
513
532
551
570
589
608
627
646
665
684
703
722
741
760
779
798
817
836
855
874
893
912
931
950
969
988
1007
1026
1045
1064
1083
1102
1121
1140
1159
1178
1197
1216
1235
1254
1273
1292
1311
1330
1349
1368
1387
1406
1425
1444
1463
1482
1501
1520
1539
1558
1577
1596
1615
1634
1653
1672
1691
1710
1729
1748
1767
1786
1805
1824
1843
1862
1881
1900
1919
1938
1957
1976
1995
2014
2033
2052
2071
2090
2109
2128
2147
2166
2185
2204
2223
2242
2261
2280
2299
2318
2337
2356
2375
2394
2413
2432
2451
2470
2489
2508
2527
2546
2565
2584
2603
2622
2641
2660
2679
2698
2717
2736
2755
2774
2793
2812
2831
2850
2869
2888
2907
2926
2945
2964
2983
3002
3021
3040
3059
3078
3097
3116
3135
3154
3173
3192
3211
3230
3249
3268
3287
3306
3325
3344
3363
3382
3401
3420
3439
3458
3477
3496
3515
3534
3553
3572
3591
3610
3629
3648
3667
3686
3705
3724
3743
3762
3781
3800
3819
3838
3857
3876
3895
3914
3933
3952
3971
3990
4009
4028
4047
4066
4085
4104
4123
4142
4161
4180
4199
4218
4237
4256
4275
4294
4313
4332
4351
4370
4389
4408
4427
4446
4465
4484
4503
4522
4541
4560
4579
4598
4617
4636
4655
4674
4693
4712
4731
4750
4769
4788
4807
4826
4845
4864
4883
4902
4921
4940
4959
4978
4997
5016
5035
5054
5073
5092
5111
5130
5149
5168
5187
5206
5225
5244
5263
5282
5301
5320
5339
5358
5377
5396
5415
5434
5453
5472
5491
5510
5529
5548
5567
5586
5605
5624
5643
5662
5681
5700
5719
5738
5757
5776
5795
5814
5833
5852
5871
5890
5909
5928
5947
5966
5985
6004
6023
6042
6061
6080
6099
6118
6137
6156
6175
6194
6213
6232
6251
6270
6289
6308
6327
6346
6365
6384
6403
6422
6441
6460
6479
6498
6517
6536
6555
6574
6593
6612
6631
6650
6669
6688
6707
6726
6745
6764
6783
6802
6821
6840
6859
6878
6897
6916
6935
6954
6973
6992
7011
7030
7049
7068
7087
7106
7125
7144
7163
7182
7201
7220
7239
7258
7277
7296
7315
7334
7353
7372
7391
7410
7429
7448
7467
7486
7505
7524
7543
7562
7581
7600
7619
7638
7657
7676
7695
7714
7733
7752
7771
7790
7809
7828
7847
7866
7885
7904
7923
7942
7961
7980
7999
8018
8037
8056
8075
8094
8113
8132
8151
8170
8189
8208
8227
8246
8265
8284
8303
8322
8341
8360
8379
8398
8417
8436
8455
8474
8493
8512
8531
8550
8569
8588
8607
8626
8645
8664
8683
8702
8721
8740
8759
8778
8797
8816
8835
8854
8873
8892
8911
8930
8949
8968
8987
9006
9025
9044
9063
9082
9101
9120
9139
9158
9177
9196
9215
9234
9253
9272
9291
9310
9329
9348
9367
9386
9405
9424
9443
9462
9481
9500
9519
9538
9557
9576
9595
9614
9633
9652
9671
9690
9709
9728
9747
9766
9785
9804
9823
9842
9861
9880
9899
9918
9937
9956
9975
9994
46
69
92
115
138
161
184
207
230
253
276
299
322
345
368
391
414
437
460
483
506
529
552
575
598
621
644
667
690
713
736
759
782
805
828
851
874
897
920
943
966
989
1012
1035
1058
1081
1104
1127
1150
1173
1196
1219
1242
1265
1288
1311
1334
1357
1380
1403
1426
1449
1472
1495
1518
1541
1564
1587
1610
1633
1656
1679
1702
1725
1748
1771
1794
1817
1840
1863
1886
1909
1932
1955
1978
2001
2024
2047
2070
2093
2116
2139
2162
2185
2208
2231
2254
2277
2300
2323
2346
2369
2392
2415
2438
2461
2484
2507
2530
2553
2576
2599
2622
2645
2668
2691
2714
2737
2760
2783
2806
2829
2852
2875
2898
2921
2944
2967
2990
3013
3036
3059
3082
3105
3128
3151
3174
3197
3220
3243
3266
3289
3312
3335
3358
3381
3404
3427
3450
3473
3496
3519
3542
3565
3588
3611
3634
3657
3680
3703
3726
3749
3772
3795
3818
3841
3864
3887
3910
3933
3956
3979
4002
4025
4048
4071
4094
4117
4140
4163
4186
4209
4232
4255
4278
4301
4324
4347
4370
4393
4416
4439
4462
4485
4508
4531
4554
4577
4600
4623
4646
4669
4692
4715
4738
4761
4784
4807
4830
4853
4876
4899
4922
4945
4968
4991
5014
5037
5060
5083
5106
5129
5152
5175
5198
5221
5244
5267
5290
5313
5336
5359
5382
5405
5428
5451
5474
5497
5520
5543
5566
5589
5612
5635
5658
5681
5704
5727
5750
5773
5796
5819
5842
5865
5888
5911
5934
5957
5980
6003
6026
6049
6072
6095
6118
6141
6164
6187
6210
6233
6256
6279
6302
6325
6348
6371
6394
6417
6440
6463
6486
6509
6532
6555
6578
6601
6624
6647
6670
6693
6716
6739
6762
6785
6808
6831
6854
6877
6900
6923
6946
6969
6992
7015
7038
7061
7084
7107
7130
7153
7176
7199
7222
7245
7268
7291
7314
7337
7360
7383
7406
7429
7452
7475
7498
7521
7544
7567
7590
7613
7636
7659
7682
7705
7728
7751
7774
7797
7820
7843
7866
7889
7912
7935
7958
7981
8004
8027
8050
8073
8096
8119
8142
8165
8188
8211
8234
8257
8280
8303
8326
8349
8372
8395
8418
8441
8464
8487
8510
8533
8556
8579
8602
8625
8648
8671
8694
8717
8740
8763
8786
8809
8832
8855
8878
8901
8924
8947
8970
8993
9016
9039
9062
9085
9108
9131
9154
9177
9200
9223
9246
9269
9292
9315
9338
9361
9384
9407
9430
9453
9476
9499
9522
9545
9568
9591
9614
9637
9660
9683
9706
9729
9752
9775
9798
9821
9844
9867
9890
9913
9936
9959
9982
58
87
116
145
174
203
232
261
290
319
348
377
406
435
464
493
522
551
580
609
638
667
696
725
754
783
812
841
870
899
928
957
986
1015
1044
1073
1102
1131
1160
1189
1218
1247
1276
1305
1334
1363
1392
1421
1450
1479
1508
1537
1566
1595
1624
1653
1682
1711
1740
1769
1798
1827
1856
1885
1914
1943
1972
2001
2030
2059
2088
2117
2146
2175
2204
2233
2262
2291
2320
2349
2378
2407
2436
2465
2494
2523
2552
2581
2610
2639
2668
2697
2726
2755
2784
2813
2842
2871
2900
2929
2958
2987
3016
3045
3074
3103
3132
3161
3190
3219
3248
3277
3306
3335
3364
3393
3422
3451
3480
3509
3538
3567
3596
3625
3654
3683
3712
3741
3770
3799
3828
3857
3886
3915
3944
3973
4002
4031
4060
4089
4118
4147
4176
4205
4234
4263
4292
4321
4350
4379
4408
4437
4466
4495
4524
4553
4582
4611
4640
4669
4698
4727
4756
4785
4814
4843
4872
4901
4930
4959
4988
5017
5046
5075
5104
5133
5162
5191
5220
5249
5278
5307
5336
5365
5394
5423
5452
5481
5510
5539
5568
5597
5626
5655
5684
5713
5742
5771
5800
5829
5858
5887
5916
5945
5974
6003
6032
6061
6090
6119
6148
6177
6206
6235
6264
6293
6322
6351
6380
6409
6438
6467
6496
6525
6554
6583
6612
6641
6670
6699
6728
6757
6786
6815
6844
6873
6902
6931
6960
6989
7018
7047
7076
7105
7134
7163
7192
7221
7250
7279
7308
7337
7366
7395
7424
7453
7482
7511
7540
7569
7598
7627
7656
7685
7714
7743
7772
7801
7830
7859
7888
7917
7946
7975
8004
8033
8062
8091
8120
8149
8178
8207
8236
8265
8294
8323
8352
8381
8410
8439
8468
8497
8526
8555
8584
8613
8642
8671
8700
8729
8758
8787
8816
8845
8874
8903
8932
8961
8990
9019
9048
9077
9106
9135
9164
9193
9222
9251
9280
9309
9338
9367
9396
9425
9454
9483
9512
9541
9570
9599
9628
9657
9686
9715
9744
9773
9802
9831
9860
9889
9918
9947
9976
62
93
124
155
186
217
248
279
310
341
372
403
434
465
496
527
558
589
620
651
682
713
744
775
806
837
868
899
930
961
992
1023
1054
1085
1116
1147
1178
1209
1240
1271
1302
1333
1364
1395
1426
1457
1488
1519
1550
1581
1612
1643
1674
1705
1736
1767
1798
1829
1860
1891
1922
1953
1984
2015
2046
2077
2108
2139
2170
2201
2232
2263
2294
2325
2356
2387
2418
2449
2480
2511
2542
2573
2604
2635
2666
2697
2728
2759
2790
2821
2852
2883
2914
2945
2976
3007
3038
3069
3100
3131
3162
3193
3224
3255
3286
3317
3348
3379
3410
3441
3472
3503
3534
3565
3596
3627
3658
3689
3720
3751
3782
3813
3844
3875
3906
3937
3968
3999
4030
4061
4092
4123
4154
4185
4216
4247
4278
4309
4340
4371
4402
4433
4464
4495
4526
4557
4588
4619
4650
4681
4712
4743
4774
4805
4836
4867
4898
4929
4960
4991
5022
5053
5084
5115
5146
5177
5208
5239
5270
5301
5332
5363
5394
5425
5456
5487
5518
5549
5580
5611
5642
5673
5704
5735
5766
5797
5828
5859
5890
5921
5952
5983
6014
6045
6076
6107
6138
6169
6200
6231
6262
6293
6324
6355
6386
6417
6448
6479
6510
6541
6572
6603
6634
6665
6696
6727
6758
6789
6820
6851
6882
6913
6944
6975
7006
7037
7068
7099
7130
7161
7192
7223
7254
7285
7316
7347
7378
7409
7440
7471
7502
7533
7564
7595
7626
7657
7688
7719
7750
7781
7812
7843
7874
7905
7936
7967
7998
8029
8060
8091
8122
8153
8184
8215
8246
8277
8308
8339
8370
8401
8432
8463
8494
8525
8556
8587
8618
8649
8680
8711
8742
8773
8804
8835
8866
8897
8928
8959
8990
9021
9052
9083
9114
9145
9176
9207
9238
9269
9300
9331
9362
9393
9424
9455
9486
9517
9548
9579
9610
9641
9672
9703
9734
9765
9796
9827
9858
9889
9920
9951
9982
74
111
148
185
222
259
296
333
370
407
444
481
518
555
592
629
666
703
740
777
814
851
888
925
962
999
1036
1073
1110
1147
1184
1221
1258
1295
1332
1369
1406
1443
1480
1517
1554
1591
1628
1665
1702
1739
1776
1813
1850
1887
1924
1961
1998
2035
2072
2109
2146
2183
2220
2257
2294
2331
2368
2405
2442
2479
2516
2553
2590
2627
2664
2701
2738
2775
2812
2849
2886
2923
2960
2997
3034
3071
3108
3145
3182
3219
3256
3293
3330
3367
3404
3441
3478
3515
3552
3589
3626
3663
3700
3737
3774
3811
3848
3885
3922
3959
3996
4033
4070
4107
4144
4181
4218
4255
4292
4329
4366
4403
4440
4477
4514
4551
4588
4625
4662
4699
4736
4773
4810
4847
4884
4921
4958
4995
5032
5069
5106
5143
5180
5217
5254
5291
5328
5365
5402
5439
5476
5513
5550
5587
5624
5661
5698
5735
5772
5809
5846
5883
5920
5957
5994
6031
6068
6105
6142
6179
6216
6253
6290
6327
6364
6401
6438
6475
6512
6549
6586
6623
6660
6697
6734
6771
6808
6845
6882
6919
6956
6993
7030
7067
7104
7141
7178
7215
7252
7289
7326
7363
7400
7437
7474
7511
7548
7585
7622
7659
7696
7733
7770
7807
7844
7881
7918
7955
7992
8029
8066
8103
8140
8177
8214
8251
8288
8325
8362
8399
8436
8473
8510
8547
8584
8621
8658
8695
8732
8769
8806
8843
8880
8917
8954
8991
9028
9065
9102
9139
9176
9213
9250
9287
9324
9361
9398
9435
9472
9509
9546
9583
9620
9657
9694
9731
9768
9805
9842
9879
9916
9953
9990
82
123
164
205
246
287
328
369
410
451
492
533
574
615
656
697
738
779
820
861
902
943
984
1025
1066
1107
1148
1189
1230
1271
1312
1353
1394
1435
1476
1517
1558
1599
1640
1681
1722
1763
1804
1845
1886
1927
1968
2009
2050
2091
2132
2173
2214
2255
2296
2337
2378
2419
2460
2501
2542
2583
2624
2665
2706
2747
2788
2829
2870
2911
2952
2993
3034
3075
3116
3157
3198
3239
3280
3321
3362
3403
3444
3485
3526
3567
3608
3649
3690
3731
3772
3813
3854
3895
3936
3977
4018
4059
4100
4141
4182
4223
4264
4305
4346
4387
4428
4469
4510
4551
4592
4633
4674
4715
4756
4797
4838
4879
4920
4961
5002
5043
5084
5125
5166
5207
5248
5289
5330
5371
5412
5453
5494
5535
5576
5617
5658
5699
5740
5781
5822
5863
5904
5945
5986
6027
6068
6109
6150
6191
6232
6273
6314
6355
6396
6437
6478
6519
6560
6601
6642
6683
6724
6765
6806
6847
6888
6929
6970
7011
7052
7093
7134
7175
7216
7257
7298
7339
7380
7421
7462
7503
7544
7585
7626
7667
7708
7749
7790
7831
7872
7913
7954
7995
8036
8077
8118
8159
8200
8241
8282
8323
8364
8405
8446
8487
8528
8569
8610
8651
8692
8733
8774
8815
8856
8897
8938
8979
9020
9061
9102
9143
9184
9225
9266
9307
9348
9389
9430
9471
9512
9553
9594
9635
9676
9717
9758
9799
9840
9881
9922
9963
86
129
172
215
258
301
344
387
430
473
516
559
602
645
688
731
774
817
860
903
946
989
1032
1075
1118
1161
1204
1247
1290
1333
1376
1419
1462
1505
1548
1591
1634
1677
1720
1763
1806
1849
1892
1935
1978
2021
2064
2107
2150
2193
2236
2279
2322
2365
2408
2451
2494
2537
2580
2623
2666
2709
2752
2795
2838
2881
2924
2967
3010
3053
3096
3139
3182
3225
3268
3311
3354
3397
3440
3483
3526
3569
3612
3655
3698
3741
3784
3827
3870
3913
3956
3999
4042
4085
4128
4171
4214
4257
4300
4343
4386
4429
4472
4515
4558
4601
4644
4687
4730
4773
4816
4859
4902
4945
4988
5031
5074
5117
5160
5203
5246
5289
5332
5375
5418
5461
5504
5547
5590
5633
5676
5719
5762
5805
5848
5891
5934
5977
6020
6063
6106
6149
6192
6235
6278
6321
6364
6407
6450
6493
6536
6579
6622
6665
6708
6751
6794
6837
6880
6923
6966
7009
7052
7095
7138
7181
7224
7267
7310
7353
7396
7439
7482
7525
7568
7611
7654
7697
7740
7783
7826
7869
7912
7955
7998
8041
8084
8127
8170
8213
8256
8299
8342
8385
8428
8471
8514
8557
8600
8643
8686
8729
8772
8815
8858
8901
8944
8987
9030
9073
9116
9159
9202
9245
9288
9331
9374
9417
9460
9503
9546
9589
9632
9675
9718
9761
9804
9847
9890
9933
9976
94
141
188
235
282
329
376
423
470
517
564
611
658
705
752
799
846
893
940
987
1034
1081
1128
1175
1222
1269
1316
1363
1410
1457
1504
1551
1598
1645
1692
1739
1786
1833
1880
1927
1974
2021
2068
2115
2162
2209
2256
2303
2350
2397
2444
2491
2538
2585
2632
2679
2726
2773
2820
2867
2914
2961
3008
3055
3102
3149
3196
3243
3290
3337
3384
3431
3478
3525
3572
3619
3666
3713
3760
3807
3854
3901
3948
3995
4042
4089
4136
4183
4230
4277
4324
4371
4418
4465
4512
4559
4606
4653
4700
4747
4794
4841
4888
4935
4982
5029
5076
5123
5170
5217
5264
5311
5358
5405
5452
5499
5546
5593
5640
5687
5734
5781
5828
5875
5922
5969
6016
6063
6110
6157
6204
6251
6298
6345
6392
6439
6486
6533
6580
6627
6674
6721
6768
6815
6862
6909
6956
7003
7050
7097
7144
7191
7238
7285
7332
7379
7426
7473
7520
7567
7614
7661
7708
7755
7802
7849
7896
7943
7990
8037
8084
8131
8178
8225
8272
8319
8366
8413
8460
8507
8554
8601
8648
8695
8742
8789
8836
8883
8930
8977
9024
9071
9118
9165
9212
9259
9306
9353
9400
9447
9494
9541
9588
9635
9682
9729
9776
9823
9870
9917
9964
106
159
212
265
318
371
424
477
530
583
636
689
742
795
848
901
954
1007
1060
1113
1166
1219
1272
1325
1378
1431
1484
1537
1590
1643
1696
1749
1802
1855
1908
1961
2014
2067
2120
2173
2226
2279
2332
2385
2438
2491
2544
2597
2650
2703
2756
2809
2862
2915
2968
3021
3074
3127
3180
3233
3286
3339
3392
3445
3498
3551
3604
3657
3710
3763
3816
3869
3922
3975
4028
4081
4134
4187
4240
4293
4346
4399
4452
4505
4558
4611
4664
4717
4770
4823
4876
4929
4982
5035
5088
5141
5194
5247
5300
5353
5406
5459
5512
5565
5618
5671
5724
5777
5830
5883
5936
5989
6042
6095
6148
6201
6254
6307
6360
6413
6466
6519
6572
6625
6678
6731
6784
6837
6890
6943
6996
7049
7102
7155
7208
7261
7314
7367
7420
7473
7526
7579
7632
7685
7738
7791
7844
7897
7950
8003
8056
8109
8162
8215
8268
8321
8374
8427
8480
8533
8586
8639
8692
8745
8798
8851
8904
8957
9010
9063
9116
9169
9222
9275
9328
9381
9434
9487
9540
9593
9646
9699
9752
9805
9858
9911
9964
118
177
236
295
354
413
472
531
590
649
708
767
826
885
944
1003
1062
1121
1180
1239
1298
1357
1416
1475
1534
1593
1652
1711
1770
1829
1888
1947
2006
2065
2124
2183
2242
2301
2360
2419
2478
2537
2596
2655
2714
2773
2832
2891
2950
3009
3068
3127
3186
3245
3304
3363
3422
3481
3540
3599
3658
3717
3776
3835
3894
3953
4012
4071
4130
4189
4248
4307
4366
4425
4484
4543
4602
4661
4720
4779
4838
4897
4956
5015
5074
5133
5192
5251
5310
5369
5428
5487
5546
5605
5664
5723
5782
5841
5900
5959
6018
6077
6136
6195
6254
6313
6372
6431
6490
6549
6608
6667
6726
6785
6844
6903
6962
7021
7080
7139
7198
7257
7316
7375
7434
7493
7552
7611
7670
7729
7788
7847
7906
7965
8024
8083
8142
8201
8260
8319
8378
8437
8496
8555
8614
8673
8732
8791
8850
8909
8968
9027
9086
9145
9204
9263
9322
9381
9440
9499
9558
9617
9676
9735
9794
9853
9912
9971
122
183
244
305
366
427
488
549
610
671
732
793
854
915
976
1037
1098
1159
1220
1281
1342
1403
1464
1525
1586
1647
1708
1769
1830
1891
1952
2013
2074
2135
2196
2257
2318
2379
2440
2501
2562
2623
2684
2745
2806
2867
2928
2989
3050
3111
3172
3233
3294
3355
3416
3477
3538
3599
3660
3721
3782
3843
3904
3965
4026
4087
4148
4209
4270
4331
4392
4453
4514
4575
4636
4697
4758
4819
4880
4941
5002
5063
5124
5185
5246
5307
5368
5429
5490
5551
5612
5673
5734
5795
5856
5917
5978
6039
6100
6161
6222
6283
6344
6405
6466
6527
6588
6649
6710
6771
6832
6893
6954
7015
7076
7137
7198
7259
7320
7381
7442
7503
7564
7625
7686
7747
7808
7869
7930
7991
8052
8113
8174
8235
8296
8357
8418
8479
8540
8601
8662
8723
8784
8845
8906
8967
9028
9089
9150
9211
9272
9333
9394
9455
9516
9577
9638
9699
9760
9821
9882
9943
134
201
268
335
402
469
536
603
670
737
804
871
938
1005
1072
1139
1206
1273
1340
1407
1474
1541
1608
1675
1742
1809
1876
1943
2010
2077
2144
2211
2278
2345
2412
2479
2546
2613
2680
2747
2814
2881
2948
3015
3082
3149
3216
3283
3350
3417
3484
3551
3618
3685
3752
3819
3886
3953
4020
4087
4154
4221
4288
4355
4422
4489
4556
4623
4690
4757
4824
4891
4958
5025
5092
5159
5226
5293
5360
5427
5494
5561
5628
5695
5762
5829
5896
5963
6030
6097
6164
6231
6298
6365
6432
6499
6566
6633
6700
6767
6834
6901
6968
7035
7102
7169
7236
7303
7370
7437
7504
7571
7638
7705
7772
7839
7906
7973
8040
8107
8174
8241
8308
8375
8442
8509
8576
8643
8710
8777
8844
8911
8978
9045
9112
9179
9246
9313
9380
9447
9514
9581
9648
9715
9782
9849
9916
9983
142
213
284
355
426
497
568
639
710
781
852
923
994
1065
1136
1207
1278
1349
1420
1491
1562
1633
1704
1775
1846
1917
1988
2059
2130
2201
2272
2343
2414
2485
2556
2627
2698
2769
2840
2911
2982
3053
3124
3195
3266
3337
3408
3479
3550
3621
3692
3763
3834
3905
3976
4047
4118
4189
4260
4331
4402
4473
4544
4615
4686
4757
4828
4899
4970
5041
5112
5183
5254
5325
5396
5467
5538
5609
5680
5751
5822
5893
5964
6035
6106
6177
6248
6319
6390
6461
6532
6603
6674
6745
6816
6887
6958
7029
7100
7171
7242
7313
7384
7455
7526
7597
7668
7739
7810
7881
7952
8023
8094
8165
8236
8307
8378
8449
8520
8591
8662
8733
8804
8875
8946
9017
9088
9159
9230
9301
9372
9443
9514
9585
9656
9727
9798
9869
9940
146
219
292
365
438
511
584
657
730
803
876
949
1022
1095
1168
1241
1314
1387
1460
1533
1606
1679
1752
1825
1898
1971
2044
2117
2190
2263
2336
2409
2482
2555
2628
2701
2774
2847
2920
2993
3066
3139
3212
3285
3358
3431
3504
3577
3650
3723
3796
3869
3942
4015
4088
4161
4234
4307
4380
4453
4526
4599
4672
4745
4818
4891
4964
5037
5110
5183
5256
5329
5402
5475
5548
5621
5694
5767
5840
5913
5986
6059
6132
6205
6278
6351
6424
6497
6570
6643
6716
6789
6862
6935
7008
7081
7154
7227
7300
7373
7446
7519
7592
7665
7738
7811
7884
7957
8030
8103
8176
8249
8322
8395
8468
8541
8614
8687
8760
8833
8906
8979
9052
9125
9198
9271
9344
9417
9490
9563
9636
9709
9782
9855
9928
158
237
316
395
474
553
632
711
790
869
948
1027
1106
1185
1264
1343
1422
1501
1580
1659
1738
1817
1896
1975
2054
2133
2212
2291
2370
2449
2528
2607
2686
2765
2844
2923
3002
3081
3160
3239
3318
3397
3476
3555
3634
3713
3792
3871
3950
4029
4108
4187
4266
4345
4424
4503
4582
4661
4740
4819
4898
4977
5056
5135
5214
5293
5372
5451
5530
5609
5688
5767
5846
5925
6004
6083
6162
6241
6320
6399
6478
6557
6636
6715
6794
6873
6952
7031
7110
7189
7268
7347
7426
7505
7584
7663
7742
7821
7900
7979
8058
8137
8216
8295
8374
8453
8532
8611
8690
8769
8848
8927
9006
9085
9164
9243
9322
9401
9480
9559
9638
9717
9796
9875
9954
166
249
332
415
498
581
664
747
830
913
996
1079
1162
1245
1328
1411
1494
1577
1660
1743
1826
1909
1992
2075
2158
2241
2324
2407
2490
2573
2656
2739
2822
2905
2988
3071
3154
3237
3320
3403
3486
3569
3652
3735
3818
3901
3984
4067
4150
4233
4316
4399
4482
4565
4648
4731
4814
4897
4980
5063
5146
5229
5312
5395
5478
5561
5644
5727
5810
5893
5976
6059
6142
6225
6308
6391
6474
6557
6640
6723
6806
6889
6972
7055
7138
7221
7304
7387
7470
7553
7636
7719
7802
7885
7968
8051
8134
8217
8300
8383
8466
8549
8632
8715
8798
8881
8964
9047
9130
9213
9296
9379
9462
9545
9628
9711
9794
9877
9960
178
267
356
445
534
623
712
801
890
979
1068
1157
1246
1335
1424
1513
1602
1691
1780
1869
1958
2047
2136
2225
2314
2403
2492
2581
2670
2759
2848
2937
3026
3115
3204
3293
3382
3471
3560
3649
3738
3827
3916
4005
4094
4183
4272
4361
4450
4539
4628
4717
4806
4895
4984
5073
5162
5251
5340
5429
5518
5607
5696
5785
5874
5963
6052
6141
6230
6319
6408
6497
6586
6675
6764
6853
6942
7031
7120
7209
7298
7387
7476
7565
7654
7743
7832
7921
8010
8099
8188
8277
8366
8455
8544
8633
8722
8811
8900
8989
9078
9167
9256
9345
9434
9523
9612
9701
9790
9879
9968
194
291
388
485
582
679
776
873
970
1067
1164
1261
1358
1455
1552
1649
1746
1843
1940
2037
2134
2231
2328
2425
2522
2619
2716
2813
2910
3007
3104
3201
3298
3395
3492
3589
3686
3783
3880
3977
4074
4171
4268
4365
4462
4559
4656
4753
4850
4947
5044
5141
5238
5335
5432
5529
5626
5723
5820
5917
6014
6111
6208
6305
6402
6499
6596
6693
6790
6887
6984
7081
7178
7275
7372
7469
7566
7663
7760
7857
7954
8051
8148
8245
8342
8439
8536
8633
8730
8827
8924
9021
9118
9215
9312
9409
9506
9603
9700
9797
9894
9991
